# layer2.relu2 (shape [6, 10, 13]),
0.000,
0.000,
2.000,
28.000,
7.000,
0.000,
41.000,
0.000,
0.000,
8.000,
0.000,
15.000,
0.000,
3.000,
0.000,
0.000,
5.000,
0.000,
0.000,
13.000,
0.000,
0.000,
21.000,
0.000,
0.000,
0.000,
8.000,
0.000,
0.000,
4.000,
0.000,
0.000,
24.000,
0.000,
0.000,
7.000,
0.000,
0.000,
0.000,
0.000,
0.000,
0.000,
16.000,
0.000,
0.000,
37.000,
0.000,
0.000,
18.000,
0.000,
1.000,
0.000,
0.000,
0.000,
0.000,
9.000,
0.000,
0.000,
20.000,
0.000,
0.000,
12.000,
0.000,
0.000,
0.000,
0.000,
0.000,
0.000,
1.000,
0.000,
0.000,
31.000,
0.000,
0.000,
0.000,
0.000,
0.000,
0.000,
0.000,
0.000,
0.000,
7.000,
0.000,
0.000,
31.000,
0.000,
0.000,
16.000,
0.000,
0.000,
0.000,
0.000,
0.000,
0.000,
11.000,
0.000,
0.000,
29.000,
0.000,
0.000,
21.000,
0.000,
0.000,
0.000,
0.000,
23.000,
0.000,
9.000,
0.000,
0.000,
38.000,
0.000,
0.000,
10.000,
0.000,
0.000,
0.000,
7.000,
8.000,
12.000,
5.000,
10.000,
0.000,
33.000,
0.000,
0.000,
17.000,
0.000,
0.000,
0.000,
0.000,
0.000,
0.000,
0.000,
0.000,
0.000,
28.000,
0.000,
0.000,
27.000,
0.000,
15.000,
0.000,
0.000,
0.000,
0.000,
0.000,
0.000,
0.000,
6.000,
0.000,
0.000,
8.000,
0.000,
0.000,
0.000,
0.000,
0.000,
0.000,
0.000,
0.000,
0.000,
14.000,
0.000,
0.000,
0.000,
0.000,
0.000,
0.000,
0.000,
0.000,
0.000,
0.000,
0.000,
0.000,
39.000,
0.000,
0.000,
0.000,
0.000,
5.000,
1.000,
0.000,
0.000,
0.000,
0.000,
0.000,
3.000,
18.000,
0.000,
0.000,
0.000,
0.000,
0.000,
22.000,
0.000,
0.000,
0.000,
0.000,
0.000,
0.000,
15.000,
0.000,
0.000,
0.000,
0.000,
0.000,
6.000,
0.000,
0.000,
0.000,
0.000,
0.000,
0.000,
30.000,
0.000,
5.000,
0.000,
0.000,
0.000,
11.000,
0.000,
0.000,
0.000,
0.000,
0.000,
0.000,
34.000,
0.000,
0.000,
0.000,
0.000,
0.000,
3.000,
0.000,
22.000,
0.000,
3.000,
0.000,
0.000,
33.000,
0.000,
0.000,
0.000,
0.000,
0.000,
0.000,
0.000,
8.000,
0.000,
0.000,
0.000,
0.000,
31.000,
0.000,
0.000,
8.000,
0.000,
0.000,
6.000,
0.000,
7.000,
0.000,
13.000,
0.000,
0.000,
11.000,
0.000,
0.000,
15.000,
0.000,
27.000,
0.000,
0.000,
0.000,
0.000,
0.000,
0.000,
0.000,
0.000,
0.000,
0.000,
30.000,
0.000,
0.000,
0.000,
0.000,
0.000,
0.000,
0.000,
0.000,
0.000,
12.000,
0.000,
0.000,
13.000,
3.000,
7.000,
0.000,
0.000,
0.000,
0.000,
0.000,
4.000,
0.000,
9.000,
0.000,
0.000,
9.000,
0.000,
13.000,
0.000,
0.000,
0.000,
0.000,
0.000,
0.000,
0.000,
8.000,
0.000,
0.000,
28.000,
0.000,
0.000,
0.000,
0.000,
13.000,
0.000,
0.000,
0.000,
0.000,
0.000,
0.000,
1.000,
20.000,
0.000,
0.000,
0.000,
0.000,
0.000,
0.000,
0.000,
0.000,
0.000,
6.000,
0.000,
0.000,
4.000,
0.000,
0.000,
0.000,
0.000,
0.000,
0.000,
0.000,
0.000,
0.000,
25.000,
0.000,
0.000,
25.000,
0.000,
0.000,
0.000,
0.000,
10.000,
0.000,
4.000,
0.000,
0.000,
16.000,
0.000,
0.000,
0.000,
0.000,
0.000,
0.000,
0.000,
13.000,
0.000,
0.000,
0.000,
0.000,
20.000,
0.000,
0.000,
31.000,
9.000,
0.000,
10.000,
0.000,
2.000,
6.000,
19.000,
14.000,
3.000,
9.000,
6.000,
0.000,
5.000,
0.000,
8.000,
18.000,
3.000,
0.000,
0.000,
0.000,
8.000,
0.000,
0.000,
0.000,
8.000,
0.000,
0.000,
0.000,
0.000,
0.000,
0.000,
7.000,
2.000,
18.000,
11.000,
15.000,
3.000,
3.000,
0.000,
0.000,
2.000,
38.000,
0.000,
0.000,
0.000,
0.000,
1.000,
0.000,
16.000,
0.000,
0.000,
0.000,
0.000,
0.000,
34.000,
0.000,
0.000,
0.000,
0.000,
0.000,
25.000,
6.000,
0.000,
0.000,
0.000,
0.000,
0.000,
18.000,
0.000,
0.000,
0.000,
0.000,
0.000,
10.000,
0.000,
0.000,
0.000,
0.000,
0.000,
0.000,
22.000,
0.000,
0.000,
0.000,
0.000,
0.000,
0.000,
19.000,
0.000,
0.000,
0.000,
0.000,
0.000,
21.000,
0.000,
0.000,
0.000,
0.000,
0.000,
0.000,
14.000,
0.000,
0.000,
0.000,
0.000,
0.000,
25.000,
0.000,
4.000,
0.000,
2.000,
0.000,
0.000,
15.000,
0.000,
0.000,
0.000,
0.000,
0.000,
23.000,
0.000,
7.000,
0.000,
0.000,
11.000,
0.000,
15.000,
0.000,
0.000,
11.000,
10.000,
0.000,
15.000,
18.000,
0.000,
22.000,
23.000,
17.000,
0.000,
33.000,
6.000,
3.000,
16.000,
0.000,
24.000,
1.000,
0.000,
0.000,
6.000,
0.000,
0.000,
0.000,
0.000,
0.000,
0.000,
19.000,
22.000,
0.000,
0.000,
0.000,
0.000,
0.000,
0.000,
11.000,
0.000,
32.000,
0.000,
0.000,
2.000,
23.000,
3.000,
0.000,
5.000,
0.000,
0.000,
0.000,
3.000,
24.000,
21.000,
0.000,
0.000,
0.000,
0.000,
0.000,
0.000,
32.000,
0.000,
0.000,
0.000,
0.000,
22.000,
27.000,
0.000,
0.000,
3.000,
0.000,
0.000,
0.000,
13.000,
0.000,
0.000,
0.000,
0.000,
14.000,
30.000,
0.000,
0.000,
0.000,
0.000,
0.000,
3.000,
32.000,
37.000,
0.000,
0.000,
0.000,
44.000,
0.000,
0.000,
0.000,
0.000,
0.000,
0.000,
19.000,
18.000,
27.000,
0.000,
0.000,
24.000,
0.000,
6.000,
0.000,
0.000,
0.000,
0.000,
8.000,
0.000,
4.000,
0.000,
0.000,
19.000,
0.000,
0.000,
0.000,
0.000,
0.000,
0.000,
28.000,
24.000,
0.000,
0.000,
0.000,
0.000,
0.000,
0.000,
3.000,
2.000,
0.000,
0.000,
16.000,
5.000,
13.000,
0.000,
6.000,
0.000,
4.000,
16.000,
14.000,
0.000,
35.000,
0.000,
0.000,
35.000,
0.000,
19.000,
0.000,
25.000,
0.000,
10.000,
0.000,
0.000,
0.000,
6.000,
0.000,
0.000,
55.000,
0.000,
0.000,
0.000,
0.000,
0.000,
3.000,
0.000,
1.000,
5.000,
24.000,
0.000,
0.000,
24.000,
0.000,
0.000,
0.000,
0.000,
0.000,
0.000,
0.000,
18.000,
23.000,
34.000,
0.000,
0.000,
28.000,
0.000,
0.000,
0.000,
8.000,
0.000,
0.000,
0.000,
0.000,
0.000,
25.000,
0.000,
0.000,
24.000,
0.000,
0.000,
0.000,
25.000,
19.000,
0.000,
0.000,
0.000,
11.000,
25.000,
0.000,
0.000,
34.000,
0.000,
0.000,
0.000,
47.000,
70.000,
0.000,
30.000,
0.000,
0.000,
0.000,
0.000,
37.000,
48.000,
0.000,
0.000,
0.000,
51.000,
32.000,
0.000,
64.000,
59.000,
0.000,
17.000,
0.000,
19.000,
51.000,
0.000,
0.000,
0.000,
11.000,
0.000,
17.000,
2.000,
49.000,
46.000,
19.000,
0.000,
0.000,
27.000,
0.000,
7.000,
0.000,
7.000,
0.000,
0.000,
0.000,
5.000,
30.000,
26.000,
0.000,
5.000,
26.000,
0.000,
0.000,
14.000,
