# layer3.relu1 (shape [3, 5, 102]),
7.000,
0.000,
18.000,
0.000,
0.000,
4.000,
0.000,
6.000,
0.000,
0.000,
0.000,
0.000,
6.000,
0.000,
0.000,
26.000,
24.000,
11.000,
6.000,
19.000,
0.000,
0.000,
18.000,
0.000,
0.000,
0.000,
0.000,
0.000,
0.000,
3.000,
0.000,
1.000,
5.000,
7.000,
0.000,
16.000,
0.000,
0.000,
7.000,
0.000,
3.000,
3.000,
0.000,
0.000,
0.000,
0.000,
2.000,
5.000,
3.000,
13.000,
0.000,
1.000,
0.000,
0.000,
0.000,
17.000,
7.000,
0.000,
0.000,
0.000,
6.000,
9.000,
0.000,
0.000,
3.000,
0.000,
0.000,
0.000,
0.000,
10.000,
0.000,
10.000,
18.000,
21.000,
18.000,
9.000,
7.000,
0.000,
0.000,
0.000,
3.000,
11.000,
0.000,
16.000,
0.000,
0.000,
0.000,
10.000,
0.000,
0.000,
11.000,
0.000,
0.000,
0.000,
9.000,
1.000,
0.000,
0.000,
7.000,
11.000,
0.000,
1.000,
8.000,
0.000,
7.000,
1.000,
0.000,
15.000,
0.000,
15.000,
0.000,
7.000,
0.000,
0.000,
14.000,
0.000,
0.000,
20.000,
25.000,
0.000,
0.000,
9.000,
0.000,
0.000,
7.000,
0.000,
0.000,
0.000,
0.000,
0.000,
16.000,
0.000,
0.000,
8.000,
8.000,
8.000,
0.000,
18.000,
0.000,
0.000,
6.000,
0.000,
10.000,
0.000,
0.000,
9.000,
6.000,
17.000,
0.000,
0.000,
0.000,
20.000,
0.000,
0.000,
0.000,
0.000,
0.000,
16.000,
0.000,
0.000,
0.000,
0.000,
4.000,
7.000,
0.000,
0.000,
0.000,
0.000,
0.000,
8.000,
0.000,
11.000,
0.000,
13.000,
8.000,
10.000,
7.000,
18.000,
0.000,
0.000,
0.000,
0.000,
0.000,
11.000,
0.000,
6.000,
0.000,
0.000,
0.000,
6.000,
0.000,
0.000,
8.000,
0.000,
0.000,
0.000,
15.000,
12.000,
0.000,
0.000,
0.000,
1.000,
0.000,
4.000,
0.000,
0.000,
3.000,
0.000,
0.000,
7.000,
0.000,
6.000,
0.000,
0.000,
0.000,
0.000,
3.000,
0.000,
0.000,
14.000,
28.000,
0.000,
0.000,
6.000,
0.000,
2.000,
6.000,
0.000,
0.000,
0.000,
0.000,
0.000,
2.000,
0.000,
0.000,
0.000,
0.000,
0.000,
9.000,
16.000,
2.000,
0.000,
0.000,
0.000,
2.000,
0.000,
0.000,
0.000,
13.000,
24.000,
0.000,
7.000,
0.000,
13.000,
0.000,
9.000,
0.000,
0.000,
0.000,
1.000,
0.000,
0.000,
0.000,
0.000,
0.000,
19.000,
0.000,
0.000,
0.000,
0.000,
0.000,
2.000,
0.000,
13.000,
7.000,
6.000,
12.000,
7.000,
7.000,
14.000,
5.000,
0.000,
0.000,
0.000,
0.000,
3.000,
5.000,
4.000,
2.000,
0.000,
0.000,
0.000,
0.000,
0.000,
0.000,
0.000,
0.000,
0.000,
4.000,
6.000,
0.000,
0.000,
0.000,
4.000,
0.000,
5.000,
5.000,
0.000,
4.000,
0.000,
0.000,
9.000,
0.000,
6.000,
0.000,
0.000,
0.000,
0.000,
12.000,
0.000,
0.000,
20.000,
24.000,
0.000,
0.000,
10.000,
0.000,
0.000,
6.000,
0.000,
0.000,
0.000,
0.000,
0.000,
0.000,
0.000,
0.000,
7.000,
0.000,
5.000,
0.000,
17.000,
0.000,
0.000,
0.000,
0.000,
1.000,
0.000,
0.000,
0.000,
11.000,
14.000,
0.000,
0.000,
0.000,
10.000,
0.000,
4.000,
0.000,
0.000,
0.000,
13.000,
3.000,
0.000,
0.000,
0.000,
2.000,
13.000,
0.000,
0.000,
0.000,
0.000,
0.000,
6.000,
0.000,
19.000,
0.000,
12.000,
11.000,
8.000,
4.000,
15.000,
5.000,
0.000,
0.000,
0.000,
0.000,
13.000,
0.000,
8.000,
0.000,
0.000,
0.000,
7.000,
0.000,
0.000,
3.000,
0.000,
0.000,
0.000,
16.000,
12.000,
0.000,
0.000,
0.000,
0.000,
0.000,
8.000,
3.000,
0.000,
0.000,
0.000,
0.000,
6.000,
0.000,
9.000,
0.000,
0.000,
0.000,
1.000,
9.000,
0.000,
0.000,
11.000,
14.000,
3.000,
0.000,
3.000,
0.000,
10.000,
3.000,
0.000,
0.000,
0.000,
0.000,
0.000,
0.000,
0.000,
0.000,
3.000,
2.000,
5.000,
0.000,
10.000,
0.000,
0.000,
15.000,
0.000,
0.000,
0.000,
0.000,
0.000,
5.000,
10.000,
0.000,
4.000,
0.000,
17.000,
0.000,
2.000,
0.000,
0.000,
0.000,
5.000,
0.000,
0.000,
0.000,
0.000,
0.000,
10.000,
1.000,
0.000,
0.000,
0.000,
0.000,
10.000,
0.000,
13.000,
2.000,
4.000,
0.000,
0.000,
11.000,
10.000,
0.000,
0.000,
0.000,
0.000,
0.000,
0.000,
3.000,
0.000,
0.000,
0.000,
0.000,
0.000,
0.000,
0.000,
8.000,
8.000,
0.000,
0.000,
0.000,
0.000,
0.000,
0.000,
0.000,
7.000,
0.000,
6.000,
5.000,
0.000,
23.000,
7.000,
12.000,
0.000,
0.000,
2.000,
0.000,
0.000,
0.000,
0.000,
0.000,
8.000,
0.000,
12.000,
21.000,
9.000,
0.000,
19.000,
3.000,
0.000,
2.000,
0.000,
0.000,
0.000,
0.000,
0.000,
0.000,
18.000,
0.000,
0.000,
0.000,
0.000,
0.000,
19.000,
0.000,
3.000,
1.000,
0.000,
0.000,
4.000,
19.000,
0.000,
0.000,
0.000,
1.000,
0.000,
11.000,
0.000,
0.000,
9.000,
0.000,
0.000,
0.000,
8.000,
1.000,
0.000,
0.000,
0.000,
10.000,
0.000,
0.000,
0.000,
5.000,
0.000,
0.000,
3.000,
0.000,
0.000,
0.000,
14.000,
2.000,
17.000,
3.000,
1.000,
18.000,
0.000,
0.000,
0.000,
6.000,
0.000,
0.000,
13.000,
9.000,
0.000,
0.000,
0.000,
0.000,
0.000,
0.000,
0.000,
0.000,
0.000,
9.000,
2.000,
2.000,
0.000,
23.000,
0.000,
0.000,
0.000,
0.000,
0.000,
12.000,
8.000,
0.000,
18.000,
0.000,
4.000,
0.000,
0.000,
0.000,
0.000,
6.000,
0.000,
0.000,
18.000,
30.000,
0.000,
0.000,
12.000,
0.000,
0.000,
0.000,
0.000,
0.000,
0.000,
3.000,
0.000,
6.000,
0.000,
0.000,
0.000,
0.000,
0.000,
0.000,
20.000,
0.000,
3.000,
0.000,
0.000,
5.000,
0.000,
9.000,
0.000,
0.000,
9.000,
0.000,
0.000,
8.000,
0.000,
0.000,
7.000,
0.000,
0.000,
0.000,
25.000,
0.000,
0.000,
0.000,
0.000,
14.000,
0.000,
2.000,
0.000,
0.000,
0.000,
0.000,
6.000,
0.000,
9.000,
0.000,
3.000,
3.000,
10.000,
1.000,
2.000,
3.000,
0.000,
0.000,
0.000,
0.000,
0.000,
0.000,
6.000,
8.000,
0.000,
0.000,
0.000,
0.000,
0.000,
0.000,
0.000,
0.000,
0.000,
0.000,
9.000,
0.000,
0.000,
0.000,
0.000,
0.000,
1.000,
0.000,
0.000,
18.000,
0.000,
0.000,
16.000,
0.000,
0.000,
0.000,
0.000,
0.000,
0.000,
4.000,
7.000,
0.000,
10.000,
27.000,
0.000,
0.000,
13.000,
0.000,
0.000,
0.000,
1.000,
0.000,
6.000,
2.000,
0.000,
0.000,
0.000,
0.000,
12.000,
0.000,
0.000,
4.000,
19.000,
0.000,
1.000,
0.000,
0.000,
0.000,
0.000,
11.000,
0.000,
13.000,
16.000,
0.000,
11.000,
0.000,
0.000,
0.000,
5.000,
0.000,
0.000,
0.000,
10.000,
6.000,
0.000,
0.000,
0.000,
0.000,
24.000,
0.000,
0.000,
0.000,
0.000,
0.000,
9.000,
0.000,
0.000,
1.000,
12.000,
3.000,
3.000,
0.000,
0.000,
11.000,
0.000,
0.000,
0.000,
11.000,
1.000,
0.000,
3.000,
0.000,
0.000,
0.000,
7.000,
0.000,
0.000,
0.000,
0.000,
0.000,
0.000,
16.000,
10.000,
0.000,
0.000,
16.000,
0.000,
0.000,
0.000,
0.000,
0.000,
12.000,
8.000,
0.000,
23.000,
0.000,
6.000,
0.000,
0.000,
0.000,
0.000,
10.000,
0.000,
0.000,
18.000,
30.000,
0.000,
0.000,
17.000,
0.000,
0.000,
0.000,
0.000,
0.000,
0.000,
0.000,
0.000,
3.000,
0.000,
0.000,
3.000,
0.000,
0.000,
0.000,
22.000,
0.000,
0.000,
0.000,
0.000,
5.000,
0.000,
0.000,
0.000,
7.000,
22.000,
0.000,
0.000,
0.000,
0.000,
0.000,
4.000,
0.000,
0.000,
0.000,
23.000,
0.000,
0.000,
0.000,
0.000,
5.000,
10.000,
0.000,
0.000,
1.000,
0.000,
0.000,
9.000,
0.000,
2.000,
0.000,
2.000,
2.000,
7.000,
10.000,
5.000,
3.000,
0.000,
0.000,
0.000,
2.000,
0.000,
0.000,
0.000,
2.000,
0.000,
0.000,
2.000,
0.000,
0.000,
0.000,
0.000,
0.000,
0.000,
9.000,
19.000,
0.000,
0.000,
0.000,
2.000,
0.000,
7.000,
0.000,
0.000,
1.000,
0.000,
0.000,
17.000,
0.000,
0.000,
0.000,
0.000,
0.000,
1.000,
4.000,
12.000,
0.000,
5.000,
25.000,
0.000,
0.000,
11.000,
0.000,
0.000,
0.000,
0.000,
0.000,
7.000,
0.000,
0.000,
0.000,
0.000,
0.000,
0.000,
0.000,
0.000,
0.000,
11.000,
0.000,
0.000,
0.000,
0.000,
10.000,
0.000,
0.000,
3.000,
15.000,
25.000,
0.000,
0.000,
0.000,
0.000,
0.000,
11.000,
0.000,
0.000,
0.000,
25.000,
0.000,
0.000,
0.000,
0.000,
2.000,
15.000,
3.000,
0.000,
3.000,
0.000,
0.000,
18.000,
0.000,
2.000,
0.000,
0.000,
0.000,
0.000,
3.000,
0.000,
16.000,
0.000,
0.000,
0.000,
4.000,
0.000,
0.000,
0.000,
0.000,
0.000,
0.000,
0.000,
0.000,
0.000,
0.000,
0.000,
0.000,
0.000,
19.000,
26.000,
0.000,
0.000,
0.000,
10.000,
0.000,
3.000,
5.000,
0.000,
5.000,
0.000,
10.000,
0.000,
1.000,
0.000,
0.000,
0.000,
2.000,
0.000,
0.000,
0.000,
0.000,
16.000,
17.000,
6.000,
11.000,
32.000,
3.000,
0.000,
21.000,
0.000,
0.000,
15.000,
0.000,
0.000,
0.000,
3.000,
0.000,
4.000,
6.000,
2.000,
0.000,
13.000,
8.000,
6.000,
20.000,
0.000,
0.000,
7.000,
0.000,
18.000,
0.000,
0.000,
0.000,
8.000,
17.000,
0.000,
4.000,
5.000,
3.000,
0.000,
0.000,
21.000,
21.000,
0.000,
8.000,
0.000,
0.000,
0.000,
0.000,
0.000,
0.000,
0.000,
0.000,
0.000,
5.000,
8.000,
0.000,
7.000,
7.000,
21.000,
13.000,
4.000,
5.000,
0.000,
0.000,
0.000,
3.000,
0.000,
0.000,
14.000,
0.000,
0.000,
0.000,
22.000,
0.000,
2.000,
27.000,
0.000,
0.000,
0.000,
0.000,
13.000,
3.000,
0.000,
13.000,
1.000,
0.000,
4.000,
33.000,
0.000,
0.000,
7.000,
19.000,
31.000,
0.000,
18.000,
0.000,
3.000,
0.000,
7.000,
5.000,
0.000,
0.000,
8.000,
6.000,
0.000,
0.000,
38.000,
2.000,
3.000,
4.000,
0.000,
0.000,
0.000,
11.000,
0.000,
15.000,
1.000,
0.000,
12.000,
19.000,
26.000,
0.000,
27.000,
6.000,
0.000,
12.000,
0.000,
11.000,
0.000,
0.000,
38.000,
6.000,
21.000,
0.000,
0.000,
20.000,
26.000,
8.000,
3.000,
9.000,
0.000,
3.000,
45.000,
1.000,
0.000,
0.000,
0.000,
0.000,
0.000,
0.000,
0.000,
0.000,
0.000,
0.000,
0.000,
0.000,
0.000,
7.000,
0.000,
14.000,
8.000,
2.000,
19.000,
11.000,
0.000,
0.000,
0.000,
0.000,
0.000,
0.000,
0.000,
0.000,
0.000,
0.000,
9.000,
0.000,
0.000,
16.000,
0.000,
0.000,
0.000,
5.000,
0.000,
0.000,
0.000,
0.000,
17.000,
0.000,
0.000,
26.000,
0.000,
5.000,
0.000,
0.000,
24.000,
0.000,
8.000,
0.000,
5.000,
0.000,
0.000,
0.000,
0.000,
0.000,
12.000,
6.000,
0.000,
0.000,
18.000,
0.000,
3.000,
0.000,
11.000,
0.000,
1.000,
0.000,
0.000,
9.000,
0.000,
0.000,
2.000,
13.000,
0.000,
4.000,
26.000,
6.000,
0.000,
0.000,
0.000,
0.000,
12.000,
0.000,
0.000,
15.000,
18.000,
0.000,
0.000,
5.000,
13.000,
4.000,
0.000,
3.000,
0.000,
0.000,
30.000,
0.000,
0.000,
0.000,
0.000,
0.000,
9.000,
0.000,
0.000,
0.000,
0.000,
0.000,
0.000,
0.000,
0.000,
7.000,
11.000,
3.000,
18.000,
7.000,
10.000,
0.000,
0.000,
0.000,
0.000,
0.000,
0.000,
5.000,
4.000,
0.000,
0.000,
0.000,
3.000,
0.000,
0.000,
12.000,
14.000,
0.000,
0.000,
0.000,
0.000,
0.000,
0.000,
0.000,
5.000,
1.000,
11.000,
45.000,
0.000,
0.000,
39.000,
0.000,
11.000,
0.000,
0.000,
21.000,
0.000,
8.000,
25.000,
10.000,
0.000,
0.000,
0.000,
0.000,
4.000,
0.000,
0.000,
34.000,
0.000,
0.000,
63.000,
0.000,
0.000,
0.000,
0.000,
0.000,
0.000,
0.000,
0.000,
0.000,
0.000,
0.000,
21.000,
10.000,
0.000,
11.000,
0.000,
0.000,
0.000,
0.000,
0.000,
11.000,
0.000,
0.000,
9.000,
42.000,
42.000,
20.000,
0.000,
1.000,
0.000,
0.000,
0.000,
0.000,
1.000,
0.000,
0.000,
0.000,
8.000,
0.000,
0.000,
3.000,
0.000,
21.000,
0.000,
15.000,
0.000,
6.000,
0.000,
0.000,
0.000,
0.000,
0.000,
58.000,
0.000,
0.000,
0.000,
9.000,
0.000,
46.000,
0.000,
0.000,
14.000,
0.000,
0.000,
0.000,
0.000,
0.000,
25.000,
0.000,
0.000,
0.000,
0.000,
0.000,
0.000,
23.000,
10.000,
0.000,
0.000,
60.000,
0.000,
20.000,
0.000,
36.000,
44.000,
25.000,
0.000,
0.000,
0.000,
0.000,
11.000,
4.000,
4.000,
0.000,
0.000,
0.000,
0.000,
0.000,
22.000,
20.000,
0.000,
0.000,
0.000,
0.000,
4.000,
22.000,
0.000,
0.000,
15.000,
0.000,
3.000,
0.000,
0.000,
13.000,
15.000,
0.000,
3.000,
24.000,
0.000,
0.000,
31.000,
8.000,
17.000,
6.000,
11.000,
0.000,
0.000,
25.000,
38.000,
8.000,
19.000,
0.000,
0.000,
0.000,
13.000,
0.000,
0.000,
14.000,
0.000,
0.000,
6.000,
7.000,
0.000,
0.000,
5.000,
10.000,
0.000,
0.000,
0.000,
0.000,
1.000,
0.000,
19.000,
0.000,
0.000,
7.000,
6.000,
5.000,
0.000,
0.000,
0.000,
9.000,
22.000,
0.000,
23.000,
0.000,
0.000,
0.000,
0.000,
0.000,
12.000,
0.000,
0.000,
33.000,
0.000,
27.000,
0.000,
22.000,
2.000,
0.000,
0.000,
