# layer3.relu2 (shape [3, 5, 39]),
0.000,
24.000,
0.000,
0.000,
48.000,
0.000,
0.000,
40.000,
0.000,
0.000,
0.000,
0.000,
0.000,
0.000,
22.000,
0.000,
0.000,
0.000,
0.000,
7.000,
0.000,
23.000,
25.000,
0.000,
0.000,
41.000,
0.000,
0.000,
30.000,
0.000,
22.000,
25.000,
0.000,
0.000,
65.000,
0.000,
0.000,
0.000,
0.000,
0.000,
27.000,
6.000,
0.000,
37.000,
3.000,
0.000,
38.000,
0.000,
0.000,
0.000,
4.000,
0.000,
2.000,
19.000,
0.000,
0.000,
1.000,
0.000,
20.000,
0.000,
43.000,
33.000,
0.000,
2.000,
41.000,
0.000,
0.000,
29.000,
0.000,
26.000,
20.000,
0.000,
0.000,
66.000,
1.000,
0.000,
0.000,
0.000,
0.000,
0.000,
0.000,
0.000,
0.000,
0.000,
0.000,
53.000,
1.000,
0.000,
0.000,
0.000,
0.000,
0.000,
0.000,
0.000,
0.000,
0.000,
0.000,
16.000,
0.000,
0.000,
8.000,
0.000,
0.000,
21.000,
0.000,
0.000,
21.000,
0.000,
20.000,
14.000,
0.000,
0.000,
58.000,
0.000,
0.000,
0.000,
0.000,
0.000,
5.000,
9.000,
0.000,
0.000,
5.000,
0.000,
29.000,
0.000,
0.000,
0.000,
0.000,
0.000,
0.000,
11.000,
1.000,
0.000,
0.000,
0.000,
22.000,
0.000,
2.000,
17.000,
0.000,
1.000,
36.000,
0.000,
0.000,
9.000,
0.000,
17.000,
3.000,
0.000,
0.000,
34.000,
12.000,
0.000,
2.000,
0.000,
0.000,
15.000,
39.000,
29.000,
0.000,
24.000,
16.000,
41.000,
25.000,
0.000,
15.000,
0.000,
0.000,
0.000,
15.000,
25.000,
0.000,
4.000,
33.000,
21.000,
0.000,
0.000,
0.000,
0.000,
32.000,
56.000,
29.000,
8.000,
0.000,
14.000,
9.000,
0.000,
38.000,
0.000,
46.000,
33.000,
0.000,
47.000,
0.000,
0.000,
19.000,
0.000,
0.000,
66.000,
0.000,
0.000,
47.000,
0.000,
0.000,
0.000,
0.000,
8.000,
0.000,
19.000,
0.000,
0.000,
0.000,
0.000,
0.000,
0.000,
55.000,
37.000,
0.000,
0.000,
25.000,
0.000,
4.000,
39.000,
0.000,
25.000,
31.000,
0.000,
0.000,
53.000,
0.000,
0.000,
0.000,
0.000,
0.000,
27.000,
0.000,
0.000,
51.000,
0.000,
0.000,
23.000,
24.000,
0.000,
0.000,
0.000,
7.000,
0.000,
0.000,
0.000,
0.000,
0.000,
3.000,
0.000,
0.000,
32.000,
36.000,
0.000,
0.000,
8.000,
0.000,
0.000,
49.000,
0.000,
0.000,
3.000,
0.000,
0.000,
41.000,
0.000,
0.000,
0.000,
0.000,
0.000,
0.000,
0.000,
0.000,
0.000,
0.000,
0.000,
11.000,
0.000,
0.000,
0.000,
0.000,
106.000,
0.000,
33.000,
3.000,
76.000,
0.000,
0.000,
64.000,
0.000,
0.000,
0.000,
0.000,
0.000,
12.000,
0.000,
5.000,
0.000,
0.000,
0.000,
0.000,
0.000,
1.000,
0.000,
0.000,
0.000,
0.000,
17.000,
19.000,
0.000,
0.000,
1.000,
0.000,
0.000,
0.000,
52.000,
0.000,
0.000,
30.000,
0.000,
100.000,
0.000,
8.000,
0.000,
77.000,
0.000,
0.000,
59.000,
0.000,
0.000,
0.000,
0.000,
0.000,
41.000,
0.000,
0.000,
0.000,
0.000,
0.000,
0.000,
0.000,
14.000,
0.000,
17.000,
0.000,
0.000,
42.000,
9.000,
7.000,
1.000,
36.000,
0.000,
8.000,
6.000,
26.000,
0.000,
12.000,
7.000,
0.000,
107.000,
0.000,
0.000,
0.000,
59.000,
0.000,
12.000,
55.000,
0.000,
0.000,
0.000,
0.000,
8.000,
36.000,
1.000,
0.000,
0.000,
0.000,
0.000,
0.000,
14.000,
1.000,
0.000,
30.000,
0.000,
32.000,
38.000,
0.000,
35.000,
36.000,
0.000,
52.000,
14.000,
26.000,
17.000,
4.000,
4.000,
0.000,
0.000,
35.000,
18.000,
40.000,
15.000,
24.000,
15.000,
13.000,
24.000,
0.000,
34.000,
22.000,
19.000,
0.000,
40.000,
11.000,
14.000,
12.000,
0.000,
23.000,
23.000,
0.000,
0.000,
46.000,
11.000,
0.000,
0.000,
13.000,
0.000,
41.000,
18.000,
0.000,
29.000,
0.000,
0.000,
9.000,
11.000,
0.000,
0.000,
18.000,
11.000,
0.000,
33.000,
0.000,
18.000,
5.000,
3.000,
9.000,
0.000,
18.000,
23.000,
19.000,
0.000,
35.000,
12.000,
27.000,
3.000,
0.000,
23.000,
28.000,
0.000,
0.000,
31.000,
0.000,
0.000,
0.000,
4.000,
0.000,
0.000,
0.000,
0.000,
0.000,
0.000,
0.000,
0.000,
0.000,
0.000,
0.000,
0.000,
0.000,
0.000,
0.000,
0.000,
5.000,
0.000,
17.000,
25.000,
0.000,
0.000,
0.000,
0.000,
5.000,
0.000,
0.000,
0.000,
0.000,
0.000,
0.000,
0.000,
0.000,
0.000,
0.000,
7.000,
3.000,
0.000,
18.000,
13.000,
0.000,
0.000,
0.000,
0.000,
0.000,
0.000,
0.000,
0.000,
0.000,
4.000,
0.000,
0.000,
0.000,
0.000,
1.000,
0.000,
0.000,
0.000,
0.000,
0.000,
0.000,
0.000,
0.000,
0.000,
0.000,
0.000,
0.000,
0.000,
0.000,
3.000,
0.000,
1.000,
1.000,
0.000,
4.000,
0.000,
0.000,
29.000,
0.000,
0.000,
5.000,
0.000,
0.000,
0.000,
0.000,
0.000,
0.000,
0.000,
11.000,
0.000,
0.000,
0.000,
0.000,
0.000,
0.000,
0.000,
0.000,
0.000,
0.000,
0.000,
3.000,
0.000,
0.000,
0.000,
0.000,
22.000,
10.000,
0.000,
12.000,
0.000,
14.000,
25.000,
0.000,
0.000,
0.000,
0.000,
45.000,
