# output (shape [1, 1000]),
27337,
13799,
11747,
19530,
24923,
14351,
18410,
-3607,
70,
11914,
754,
1363,
9175,
2711,
-56,
4760,
4190,
1075,
-8154,
5347,
-1136,
9795,
-4618,
3913,
1233,
2833,
15312,
5364,
1939,
12423,
11106,
7450,
6054,
19583,
13613,
8255,
15322,
2613,
8312,
23961,
20987,
9022,
15165,
20970,
11145,
7166,
16708,
17099,
27853,
19322,
23264,
17000,
8572,
5535,
4294,
17038,
5560,
2184,
20687,
8939,
14798,
23857,
21996,
12068,
22095,
13538,
15393,
13048,
13063,
498,
-9701,
1935,
-4909,
-2414,
-6011,
-7286,
5532,
3217,
-6461,
-3710,
-5998,
-6319,
5086,
-4132,
10416,
4403,
5662,
12584,
7822,
2444,
3017,
3697,
8526,
7858,
11308,
4112,
11393,
5662,
4507,
8472,
1624,
7171,
1053,
21427,
24018,
8965,
7111,
358,
208,
5452,
-5355,
5359,
3496,
612,
2350,
-8191,
4197,
-4572,
5766,
996,
1639,
2447,
5172,
2984,
15578,
-1554,
2834,
-2384,
6069,
9220,
-6998,
5797,
3688,
7868,
11228,
-727,
1802,
-2,
12972,
-9294,
-3640,
3353,
1390,
-5983,
9617,
5224,
4617,
2626,
-7274,
15391,
9278,
711,
-15910,
-2946,
-7896,
-3024,
-7139,
-2427,
-4154,
-2534,
7859,
2450,
4563,
6933,
8360,
1847,
4477,
2986,
8556,
12969,
16214,
3323,
6945,
5305,
7199,
7459,
10948,
12433,
4582,
-2296,
3847,
5825,
9016,
-1973,
3066,
-1980,
-2756,
-1694,
2764,
4931,
-7185,
8160,
4485,
395,
3274,
-1154,
-878,
2444,
3189,
3928,
-7804,
-1606,
-181,
-2694,
-112,
4471,
2359,
5866,
5633,
9612,
7628,
-2900,
10073,
4698,
3188,
-604,
819,
1020,
6847,
3024,
1503,
4951,
3036,
661,
5943,
8927,
5662,
5981,
-1254,
1556,
7931,
5291,
-1687,
1826,
6124,
12977,
1354,
2019,
-2462,
-6875,
-8097,
-11154,
1429,
4357,
-907,
-2243,
3940,
4633,
2615,
3141,
6563,
-5828,
-7663,
1078,
-2584,
6178,
1785,
3447,
-4320,
-929,
-1575,
-1329,
-5451,
1531,
5415,
1057,
2038,
7495,
1563,
18180,
14089,
20423,
18658,
15147,
14982,
7267,
13900,
12760,
13687,
11032,
15861,
7736,
10727,
1807,
1754,
4565,
22071,
14339,
5761,
7503,
2934,
11074,
7363,
8951,
9449,
9545,
12653,
5012,
19000,
14063,
-9757,
-6065,
-14735,
543,
-6419,
-10402,
347,
-3158,
-1465,
-4740,
-6423,
10275,
7290,
9136,
5397,
12149,
-1031,
2807,
8460,
10214,
4499,
-633,
-1910,
-10795,
-3889,
-4377,
-6417,
7601,
523,
1089,
13279,
14745,
5376,
-6575,
12685,
8587,
3592,
14256,
-8505,
-1535,
4896,
3072,
8648,
12819,
10059,
2416,
11132,
2269,
3051,
3268,
4897,
5839,
7989,
17065,
10693,
12817,
13449,
14910,
11376,
8147,
18431,
-488,
6647,
7676,
23261,
14925,
14109,
18312,
16337,
20263,
20115,
16770,
16043,
12036,
14448,
14670,
20455,
18271,
17082,
24944,
20369,
23162,
21444,
20538,
4519,
3326,
10649,
4502,
969,
24151,
23351,
24683,
2527,
-575,
30284,
31863,
-944,
10471,
-11072,
-5156,
-12431,
-9456,
-6370,
-10534,
528,
-4405,
-13321,
-4677,
-8127,
-8895,
7048,
-3330,
5082,
-842,
-3904,
-6054,
-3709,
-6656,
-8765,
937,
-1136,
2930,
-9430,
-1764,
-4109,
-10142,
-14553,
732,
-727,
626,
-4648,
2791,
-5076,
587,
-6064,
163,
-9081,
-9959,
-6814,
-15004,
-3590,
-8838,
-8166,
88,
-5385,
-3011,
-9801,
-2344,
-1793,
-5093,
-3341,
-4437,
-9562,
-9058,
-11936,
-5076,
2244,
-2783,
-5799,
-7093,
-6778,
-3461,
-4001,
-242,
406,
-3828,
3618,
-913,
-11880,
-2737,
-5371,
-2875,
-4884,
-3814,
4005,
-1935,
-6076,
-3533,
-4871,
-7177,
-3697,
-5799,
-2297,
-8614,
-7485,
-6523,
-8839,
-4516,
4864,
10664,
57,
7442,
370,
-11990,
-7397,
-12563,
-3358,
-5449,
-8908,
-1860,
-3698,
-7815,
4196,
-5844,
-10018,
-10719,
-1074,
-3319,
-3347,
-14263,
-11352,
-6582,
1143,
-6127,
1170,
-70,
-6393,
-7245,
1573,
-4920,
-12043,
-8829,
-8785,
809,
-5013,
843,
-8631,
-6656,
-5369,
-5711,
-3693,
-9080,
-931,
-4886,
-2861,
-3553,
-10480,
-7612,
-1572,
3950,
-8971,
-1497,
1194,
-5564,
-5335,
-402,
-5970,
-10456,
-4766,
-1728,
-13468,
-13767,
-2209,
-2721,
-2112,
-2374,
2858,
-5722,
-2391,
-4732,
-4599,
-6854,
1656,
-5653,
-5226,
-8905,
-5068,
-3059,
2966,
-7285,
-904,
-812,
-3498,
-7522,
-12277,
-6386,
-20207,
670,
-8791,
-1270,
671,
-1065,
-3771,
-3236,
-4586,
-6500,
-4647,
9335,
2845,
4627,
-9328,
-20,
-15196,
-7840,
-6014,
-4458,
1686,
-5777,
4378,
3491,
4616,
-4121,
-3138,
-10522,
-5964,
-7142,
5411,
-11361,
689,
-1616,
-9520,
6459,
-9130,
-6666,
-7769,
-1896,
9033,
-1517,
-2319,
-3343,
679,
434,
-14313,
-259,
-9936,
-14031,
-2335,
-6378,
-10060,
-9096,
5152,
-8656,
-2555,
-5923,
-156,
-9590,
-4052,
-4942,
-1318,
-346,
-6260,
-3427,
-14429,
1855,
-7752,
-12002,
-4509,
-5967,
-7956,
-1010,
-2318,
6200,
-8780,
-3267,
-7539,
-2802,
-1826,
-900,
-3333,
-8603,
-2882,
-6225,
-9193,
-11568,
-2753,
-1949,
5585,
-6406,
-11329,
10625,
-2463,
3507,
-5701,
-2349,
10813,
-5179,
4754,
-243,
1427,
-6840,
-6065,
-4348,
-8289,
-8229,
-6340,
-9487,
-4319,
-11713,
-5483,
-7479,
-7358,
-2714,
-6727,
-3341,
-12996,
-826,
-1639,
-9336,
-6758,
-12891,
2786,
-6034,
-91,
-6592,
-8526,
-7984,
-1000,
-4235,
-4283,
-6490,
-8291,
-6943,
-2674,
-5298,
-6759,
-12411,
-3632,
-9820,
-1762,
-4525,
-5938,
-3558,
-2461,
-10867,
-8033,
-3596,
180,
-4029,
-475,
-14117,
-6685,
-2489,
-19287,
1714,
-3741,
-7147,
-12850,
-3219,
-985,
453,
-2118,
-2359,
1184,
-2971,
-1744,
-8056,
-7895,
-1322,
-3875,
-285,
-2602,
-883,
3414,
1604,
-4400,
1983,
2612,
-8882,
8383,
-15246,
-8922,
-1460,
-8393,
-3188,
5294,
448,
-2416,
-6246,
-1742,
-5157,
313,
-5434,
-5976,
-7800,
2221,
-4133,
2312,
5139,
-1677,
-10395,
-4949,
-7842,
1322,
-4075,
5282,
5752,
1308,
-645,
702,
-2436,
-7614,
402,
1145,
3335,
530,
-2009,
675,
4045,
-5858,
1648,
-4082,
234,
-10912,
-8659,
-870,
1453,
1731,
940,
-4489,
-4869,
-11098,
4418,
-2143,
-6172,
-11719,
-3244,
6196,
-7412,
-1825,
-5982,
-16974,
-8044,
-4805,
-11152,
2328,
-4485,
-9915,
-5263,
3955,
-6109,
-419,
-7242,
-11523,
726,
2406,
-344,
-7668,
-2009,
-1376,
-523,
-3128,
-4293,
45,
-2959,
-9372,
6369,
-4212,
-2690,
-4181,
-6151,
2341,
3750,
2690,
-667,
-8159,
-4028,
-2755,
-9337,
1890,
-2776,
-4729,
6909,
-6628,
1426,
-187,
-9252,
-5579,
-10664,
-1344,
-7492,
-4854,
-1043,
-8553,
-11465,
-10981,
-4424,
55,
4396,
-9665,
-4892,
1648,
-4667,
4619,
-6177,
-2002,
-4742,
-6089,
-5273,
-3156,
-10437,
1372,
-3220,
-9636,
-5294,
-8518,
1029,
6177,
2069,
-20,
-2565,
-17256,
-10522,
-1082,
-6057,
15866,
-772,
-3321,
-4936,
5720,
-2588,
-1428,
-1910,
6680,
-2305,
-12419,
-5782,
-7410,
-9282,
-736,
-6039,
-8971,
2302,
-11098,
-7622,
-9011,
-761,
-6976,
-11313,
-9856,
-4437,
-459,
-4387,
486,
-13254,
-2872,
-7389,
-3139,
-5950,
-7981,
-2306,
-4946,
-8559,
-3763,
1734,
-7532,
-6713,
-9731,
768,
699,
-9530,
-7197,
-7438,
-1424,
-6868,
-7744,
10569,
-1788,
-7511,
-3890,
-7399,
-16302,
-4746,
-8608,
-2998,
-5173,
-5074,
-4227,
-13492,
-9348,
-6470,
-1982,
-1491,
-1588,
8733,
-6430,
-1385,
-3761,
5343,
-4063,
2713,
-6452,
3282,
-2654,
3055,
-3069,
-10233,
-7145,
2689,
-5279,
-478,
-7673,
-5163,
-3758,
-12189,
-6733,
-11038,
1044,
10470,
3963,
-3110,
