# output (shape [1, 1000]),
31289,
16498,
19300,
26729,
28229,
17488,
18062,
-4356,
-1725,
5865,
-289,
1304,
10950,
6594,
3713,
6979,
8735,
5115,
-6805,
8789,
3232,
7075,
-7436,
3339,
-3102,
1095,
16942,
2931,
2647,
20486,
4923,
4470,
6948,
20758,
17041,
12005,
18849,
3567,
8700,
20709,
19137,
10565,
13473,
16091,
12332,
6926,
12581,
11434,
25910,
21498,
24026,
13936,
6315,
-1022,
168,
6772,
3733,
-5663,
14283,
5293,
8818,
18059,
15629,
11847,
16795,
7175,
12458,
11576,
11193,
2175,
-8369,
5611,
-1440,
3586,
-2805,
-2412,
5662,
4759,
-2725,
-3777,
-726,
1926,
6660,
-74,
13898,
5326,
8471,
19196,
6676,
2631,
-397,
8180,
6462,
6104,
15025,
5883,
12487,
4181,
6496,
11602,
1541,
8521,
5249,
25423,
16534,
1424,
5836,
-588,
-3679,
2944,
-5245,
6738,
5228,
533,
3283,
-7621,
5747,
-6179,
6350,
3090,
1926,
2076,
8351,
1635,
13602,
-2601,
10867,
-5646,
4147,
9084,
-7909,
9857,
5119,
5293,
6673,
-4515,
954,
832,
14405,
-9447,
-3243,
6409,
2300,
-5654,
9096,
6694,
4865,
8967,
1313,
21263,
12575,
-1591,
-11669,
-2344,
-6869,
-1404,
-5092,
-2135,
-6053,
-6355,
4414,
1467,
2824,
2409,
6575,
-281,
4983,
1709,
3016,
12448,
15266,
3066,
7262,
4045,
4126,
1871,
6883,
9943,
4454,
-2564,
2983,
6133,
4776,
-1506,
-1598,
-6137,
-4779,
-3884,
-281,
4028,
-5345,
1638,
4610,
-2466,
2787,
216,
-1614,
3254,
5506,
5064,
-9417,
-4840,
-3303,
1277,
-1660,
5347,
2283,
3676,
4512,
8435,
9215,
-5018,
11577,
1169,
-1322,
-437,
3999,
2441,
7231,
1821,
2187,
950,
3259,
1386,
5204,
3725,
3690,
5047,
-1014,
-647,
6007,
998,
-1713,
-547,
3256,
6652,
1327,
-1160,
-6505,
-8661,
-11537,
-13453,
303,
1506,
-3890,
-3070,
1178,
2553,
2073,
2070,
5266,
-4054,
-6820,
-2788,
-2470,
1601,
-246,
5224,
-1093,
-1737,
-3562,
-534,
-8861,
-1846,
1449,
2175,
-410,
5746,
3803,
12495,
11847,
10457,
12307,
8830,
8769,
682,
10334,
5575,
6945,
9385,
9614,
6269,
7781,
2713,
1528,
3469,
18568,
7846,
4117,
8002,
2692,
6193,
4826,
3786,
9150,
9041,
12075,
5631,
14507,
12720,
-4618,
-1555,
-7026,
4762,
-6433,
-10151,
3194,
2960,
3061,
-4076,
-4402,
9404,
8674,
9820,
9429,
10831,
1838,
5418,
14407,
14615,
7927,
1814,
158,
-11615,
788,
-3677,
-3195,
276,
-1113,
-1197,
8331,
12348,
6763,
-9907,
13831,
6619,
1556,
13662,
-9878,
-2944,
3024,
4527,
8830,
12537,
10893,
3513,
11719,
1437,
31,
2796,
2957,
5636,
2991,
12584,
7958,
10148,
13909,
17629,
14777,
11554,
18029,
1990,
9715,
12421,
21082,
10407,
11523,
14868,
8953,
16152,
16535,
13834,
9963,
7062,
11000,
13119,
15760,
13019,
11335,
19450,
12488,
15635,
11605,
15187,
-1248,
3898,
11126,
2778,
-1298,
31729,
24026,
34675,
3889,
-3355,
38492,
39695,
-2436,
11401,
-8234,
-1973,
-12959,
-8027,
-7651,
-3347,
4096,
5709,
-14725,
-3287,
-3555,
-9445,
4879,
-2935,
2306,
806,
-8701,
-2918,
1495,
-9179,
-1828,
3435,
-778,
3943,
-8639,
-1977,
-1771,
-11429,
-14533,
-1912,
-617,
-164,
-7942,
3570,
-3394,
1426,
-11268,
3159,
-4310,
-10805,
-2235,
-18418,
-837,
-6677,
-9488,
-3910,
-6862,
-3439,
-8309,
-6901,
-3717,
-5059,
2359,
-6396,
-8173,
-10214,
-12143,
-3708,
522,
-182,
-6300,
-6290,
-6771,
-832,
1927,
-2525,
2098,
-5603,
9788,
-969,
-11131,
-953,
-2447,
-2739,
-2448,
-4453,
2560,
-2449,
-9054,
-2674,
-1765,
-5433,
-1996,
-5255,
-1489,
-12928,
-2495,
-5854,
-8731,
-4124,
7394,
10200,
4406,
8256,
2123,
-13701,
-7679,
-13493,
-7850,
-9988,
-8045,
3615,
-2816,
-7356,
3348,
-1148,
-10432,
-10204,
-718,
-4470,
-2391,
-15776,
-10948,
-3683,
5279,
-8582,
-124,
-1988,
-3119,
-10452,
-1073,
-5841,
-10624,
-9636,
-11944,
62,
-3507,
6132,
-8660,
-6787,
-3357,
-4790,
-2884,
-9819,
-4255,
-5141,
-286,
-1528,
-9586,
-10289,
-2240,
3289,
-8283,
-2638,
112,
-3849,
-4158,
1432,
-7198,
-12667,
-9139,
-2020,
-12454,
-11791,
-1066,
-1623,
1728,
-3996,
902,
-7689,
111,
-9112,
-7308,
-7261,
2895,
1448,
599,
-9300,
-9287,
-3134,
1310,
-9385,
508,
-3317,
-1990,
-10714,
-11066,
-6903,
-17380,
327,
-5157,
-2345,
-951,
420,
-4521,
-69,
-2713,
-5311,
-7448,
10053,
572,
3493,
-8778,
-175,
-18038,
-5740,
-6479,
-8854,
2040,
-7219,
-610,
5903,
4460,
1412,
-886,
-12546,
-1010,
-6963,
8972,
-11465,
6876,
-3853,
-13167,
4164,
-8533,
-5110,
-7111,
-3567,
10291,
-2124,
120,
-4252,
365,
-5921,
-13451,
1869,
-10317,
-11106,
-3535,
-1295,
-5327,
-5195,
8095,
-10737,
-4874,
-3996,
480,
-12737,
-3256,
-7761,
-342,
658,
-5507,
-4167,
-15668,
2511,
-8162,
-14593,
-1297,
-3797,
-5404,
-1590,
-4890,
6844,
-14047,
-1675,
-7615,
694,
-1583,
3628,
-5448,
-7696,
-4861,
-7746,
-7511,
-11718,
-2985,
-5636,
9465,
-2597,
-11559,
13091,
-5305,
3120,
-4857,
-3092,
14978,
-5245,
1127,
2624,
1660,
-7676,
-3791,
-5012,
-10046,
-4699,
-3433,
-12493,
-4976,
-11280,
-6980,
-3925,
-10390,
-1444,
-3587,
-2699,
-11287,
-365,
-978,
-9518,
-8291,
-12014,
5011,
-7464,
2376,
-10215,
-11594,
-7419,
-4408,
-678,
-3162,
-4536,
-7750,
-7561,
1886,
-4214,
-5401,
-13738,
-3939,
-10547,
830,
-4062,
-4393,
-2084,
-2573,
-14717,
-7885,
-1816,
1015,
-1320,
2963,
-8621,
-4528,
990,
-20060,
2398,
-5639,
-7151,
-12404,
-2384,
-4058,
6397,
-655,
-2295,
-861,
781,
4523,
-11701,
-7348,
-411,
-4973,
8364,
-3083,
1081,
1868,
2049,
-3958,
3146,
-25,
-10100,
8504,
-15860,
-8369,
132,
-9466,
-1985,
5382,
-1981,
2131,
-468,
-4047,
-804,
-536,
-7573,
-5381,
-6309,
1155,
-5931,
1277,
6314,
-2444,
-9874,
443,
-9198,
1911,
-2443,
4637,
6450,
1040,
-802,
-104,
-2694,
-6811,
3026,
2122,
2224,
2185,
-118,
1413,
1814,
-2618,
-1061,
-7127,
599,
-10044,
-4617,
41,
-1932,
2,
3638,
-2529,
-2503,
-10219,
2674,
3452,
-4835,
-6227,
2104,
9186,
-5421,
-2774,
-4431,
-16606,
-5127,
-4277,
-11508,
280,
-8911,
-11616,
-6065,
7915,
-7038,
1986,
-3436,
-12599,
8568,
3429,
2322,
-4647,
-2737,
-2176,
-1384,
-406,
-6877,
-1755,
-204,
-9386,
11857,
-6488,
-218,
-5371,
-4798,
-1271,
1052,
-521,
2109,
-5991,
-3561,
-8307,
-9964,
1093,
-3642,
-3318,
4539,
-9691,
-1019,
-1908,
-9295,
-8521,
-9880,
3378,
-6578,
-7052,
4159,
-11751,
-12526,
-11802,
-7361,
2844,
3087,
-7564,
-3002,
1662,
-4683,
6160,
-6838,
-510,
-1691,
-5497,
-8693,
-3624,
-10301,
-8,
-2570,
-9956,
-6009,
-6472,
3221,
7961,
-1357,
1087,
631,
-18857,
-7709,
520,
-5634,
18331,
1696,
-2208,
-2359,
5506,
-439,
-962,
-863,
4422,
81,
-7741,
-9528,
-6470,
-9227,
-245,
-7803,
-14809,
3421,
-9885,
-5561,
-10734,
1380,
-4300,
-7394,
-6319,
-390,
4043,
-6399,
2003,
-16590,
937,
-5640,
-1329,
-7179,
-5798,
-3428,
-3958,
-8540,
-2739,
1460,
-10375,
-8348,
-13776,
2115,
-1426,
-8593,
-9003,
-9632,
-1731,
-7399,
-4382,
4636,
-1255,
-7847,
-6628,
-7123,
-13089,
-2704,
-6387,
-4643,
-5545,
1141,
173,
-11177,
-7809,
-1886,
324,
-2266,
-1314,
4193,
-7215,
-1869,
-3153,
4996,
-4447,
4236,
-2734,
3318,
-2697,
2921,
-4698,
-12912,
-7111,
810,
-8536,
-2568,
-8826,
-8237,
-4284,
-11268,
-3847,
-10822,
1244,
10525,
2428,
-1839,
