# linear (shape [1000]),
191,
145,
255,
255,
170,
105,
254,
255,
243,
6,
255,
255,
4,
178,
255,
255,
13,
226,
255,
255,
193,
145,
255,
255,
143,
63,
0,
0,
18,
142,
254,
255,
28,
15,
255,
255,
225,
188,
255,
255,
164,
141,
0,
0,
212,
243,
0,
0,
142,
95,
0,
0,
56,
23,
0,
0,
250,
33,
1,
0,
19,
198,
254,
255,
104,
20,
0,
0,
248,
227,
255,
255,
201,
94,
255,
255,
254,
249,
255,
255,
175,
128,
0,
0,
43,
210,
0,
0,
128,
88,
1,
0,
231,
140,
255,
255,
172,
254,
255,
255,
151,
103,
1,
0,
74,
109,
254,
255,
174,
73,
255,
255,
55,
79,
255,
255,
79,
72,
0,
0,
113,
158,
255,
255,
229,
135,
255,
255,
234,
109,
255,
255,
179,
164,
255,
255,
159,
36,
0,
0,
188,
169,
255,
255,
99,
149,
254,
255,
251,
82,
0,
0,
17,
213,
255,
255,
76,
110,
255,
255,
124,
222,
255,
255,
252,
82,
255,
255,
177,
191,
0,
0,
174,
177,
254,
255,
98,
153,
255,
255,
96,
147,
254,
255,
28,
163,
0,
0,
234,
244,
0,
0,
19,
95,
255,
255,
183,
200,
255,
255,
255,
0,
255,
255,
203,
27,
0,
0,
128,
242,
0,
0,
10,
16,
1,
0,
11,
210,
254,
255,
76,
147,
255,
255,
93,
102,
255,
255,
222,
94,
1,
0,
80,
131,
0,
0,
162,
231,
254,
255,
212,
224,
254,
255,
186,
216,
254,
255,
175,
132,
255,
255,
211,
91,
0,
0,
247,
228,
255,
255,
111,
60,
253,
255,
89,
224,
0,
0,
203,
5,
0,
0,
83,
143,
0,
0,
217,
190,
1,
0,
173,
220,
255,
255,
1,
76,
0,
0,
246,
204,
255,
255,
203,
152,
0,
0,
195,
183,
255,
255,
54,
54,
0,
0,
196,
99,
255,
255,
30,
23,
255,
255,
157,
65,
0,
0,
0,
248,
255,
255,
77,
208,
255,
255,
75,
204,
254,
255,
224,
223,
255,
255,
152,
34,
255,
255,
3,
142,
255,
255,
196,
155,
0,
0,
174,
88,
254,
255,
10,
235,
255,
255,
201,
112,
254,
255,
193,
236,
255,
255,
156,
53,
0,
0,
179,
147,
255,
255,
51,
187,
1,
0,
18,
188,
255,
255,
239,
207,
0,
0,
228,
156,
0,
0,
68,
237,
0,
0,
253,
139,
0,
0,
192,
193,
255,
255,
155,
230,
255,
255,
36,
130,
255,
255,
173,
218,
254,
255,
142,
38,
255,
255,
76,
8,
1,
0,
71,
35,
255,
255,
30,
14,
0,
0,
182,
219,
0,
0,
227,
7,
0,
0,
109,
24,
254,
255,
153,
196,
255,
255,
59,
160,
254,
255,
139,
190,
0,
0,
86,
84,
0,
0,
17,
182,
254,
255,
232,
7,
1,
0,
81,
110,
255,
255,
8,
245,
255,
255,
142,
163,
255,
255,
129,
83,
1,
0,
68,
195,
0,
0,
159,
232,
255,
255,
127,
253,
255,
255,
90,
240,
254,
255,
236,
233,
255,
255,
176,
163,
255,
255,
239,
23,
0,
0,
178,
79,
0,
0,
56,
162,
0,
0,
145,
169,
0,
0,
168,
39,
255,
255,
172,
209,
254,
255,
109,
66,
255,
255,
200,
148,
1,
0,
132,
171,
254,
255,
70,
16,
255,
255,
248,
221,
255,
255,
225,
184,
0,
0,
62,
223,
254,
255,
146,
151,
255,
255,
148,
197,
255,
255,
40,
236,
254,
255,
219,
226,
255,
255,
196,
69,
255,
255,
52,
255,
254,
255,
254,
162,
0,
0,
160,
47,
0,
0,
7,
140,
0,
0,
19,
180,
255,
255,
213,
138,
255,
255,
146,
14,
0,
0,
122,
122,
254,
255,
86,
133,
1,
0,
165,
211,
255,
255,
58,
60,
254,
255,
6,
142,
0,
0,
237,
159,
0,
0,
233,
119,
255,
255,
244,
20,
1,
0,
233,
122,
255,
255,
39,
210,
0,
0,
166,
6,
0,
0,
166,
120,
0,
0,
23,
118,
255,
255,
67,
28,
0,
0,
6,
2,
254,
255,
31,
110,
254,
255,
121,
241,
253,
255,
9,
230,
255,
255,
221,
195,
0,
0,
59,
181,
255,
255,
81,
216,
254,
255,
130,
184,
0,
0,
75,
33,
255,
255,
207,
175,
255,
255,
194,
105,
255,
255,
224,
188,
255,
255,
30,
51,
255,
255,
224,
30,
0,
0,
236,
191,
255,
255,
117,
10,
0,
0,
116,
75,
254,
255,
148,
178,
0,
0,
221,
2,
0,
0,
5,
25,
0,
0,
107,
21,
255,
255,
94,
77,
1,
0,
120,
224,
0,
0,
84,
2,
255,
255,
131,
227,
0,
0,
189,
195,
0,
0,
235,
127,
254,
255,
207,
119,
255,
255,
120,
234,
254,
255,
35,
139,
254,
255,
242,
217,
255,
255,
104,
34,
255,
255,
109,
241,
0,
0,
20,
144,
255,
255,
130,
68,
254,
255,
116,
248,
255,
255,
189,
103,
0,
0,
12,
168,
255,
255,
86,
226,
255,
255,
136,
201,
255,
255,
241,
109,
255,
255,
26,
10,
255,
255,
131,
229,
0,
0,
255,
201,
255,
255,
25,
75,
0,
0,
132,
173,
255,
255,
147,
83,
255,
255,
175,
3,
0,
0,
65,
127,
0,
0,
70,
109,
0,
0,
80,
182,
255,
255,
159,
38,
1,
0,
188,
246,
255,
255,
96,
196,
0,
0,
111,
140,
0,
0,
31,
213,
255,
255,
24,
152,
0,
0,
215,
149,
255,
255,
205,
151,
254,
255,
172,
136,
255,
255,
36,
255,
0,
0,
226,
150,
0,
0,
124,
83,
255,
255,
218,
91,
0,
0,
96,
114,
255,
255,
170,
123,
253,
255,
129,
9,
0,
0,
107,
79,
255,
255,
255,
62,
0,
0,
226,
126,
255,
255,
166,
44,
255,
255,
114,
42,
0,
0,
222,
238,
254,
255,
111,
4,
0,
0,
152,
243,
0,
0,
160,
184,
254,
255,
162,
0,
1,
0,
145,
114,
255,
255,
51,
80,
0,
0,
151,
45,
1,
0,
114,
36,
255,
255,
208,
94,
0,
0,
163,
161,
255,
255,
126,
149,
0,
0,
31,
238,
255,
255,
211,
131,
253,
255,
160,
97,
255,
255,
15,
202,
254,
255,
203,
221,
0,
0,
224,
194,
254,
255,
179,
80,
1,
0,
119,
244,
255,
255,
118,
77,
0,
0,
75,
229,
254,
255,
9,
76,
255,
255,
101,
102,
255,
255,
8,
122,
0,
0,
20,
38,
255,
255,
162,
211,
0,
0,
106,
47,
255,
255,
151,
14,
0,
0,
218,
67,
0,
0,
32,
8,
0,
0,
47,
19,
255,
255,
65,
111,
0,
0,
26,
235,
255,
255,
211,
115,
255,
255,
8,
59,
0,
0,
75,
57,
255,
255,
226,
132,
254,
255,
185,
152,
0,
0,
21,
118,
255,
255,
153,
8,
0,
0,
184,
36,
0,
0,
59,
59,
255,
255,
164,
74,
1,
0,
119,
241,
255,
255,
37,
49,
0,
0,
17,
110,
0,
0,
19,
197,
255,
255,
70,
139,
1,
0,
80,
84,
255,
255,
17,
85,
255,
255,
213,
253,
255,
255,
125,
240,
0,
0,
107,
22,
255,
255,
97,
66,
0,
0,
80,
99,
0,
0,
115,
190,
255,
255,
55,
157,
254,
255,
247,
142,
1,
0,
179,
6,
0,
0,
184,
171,
0,
0,
16,
1,
255,
255,
175,
220,
0,
0,
212,
115,
1,
0,
7,
136,
0,
0,
51,
93,
0,
0,
20,
13,
0,
0,
92,
233,
255,
255,
47,
19,
1,
0,
16,
200,
0,
0,
140,
114,
1,
0,
77,
79,
0,
0,
73,
209,
255,
255,
12,
7,
255,
255,
169,
71,
255,
255,
69,
237,
0,
0,
15,
34,
1,
0,
35,
197,
255,
255,
246,
21,
255,
255,
41,
47,
255,
255,
65,
95,
1,
0,
103,
46,
255,
255,
249,
121,
255,
255,
54,
211,
255,
255,
51,
109,
255,
255,
71,
134,
0,
0,
148,
217,
255,
255,
64,
86,
255,
255,
175,
227,
0,
0,
194,
186,
255,
255,
50,
8,
1,
0,
169,
41,
254,
255,
173,
250,
255,
255,
2,
217,
254,
255,
74,
246,
254,
255,
46,
46,
0,
0,
180,
236,
255,
255,
149,
155,
0,
0,
13,
80,
255,
255,
67,
201,
254,
255,
118,
47,
255,
255,
114,
83,
255,
255,
20,
137,
255,
255,
104,
19,
255,
255,
60,
136,
0,
0,
60,
59,
255,
255,
128,
55,
255,
255,
8,
142,
254,
255,
106,
239,
255,
255,
128,
3,
0,
0,
134,
251,
0,
0,
25,
136,
0,
0,
216,
60,
0,
0,
68,
169,
255,
255,
162,
79,
255,
255,
53,
66,
255,
255,
158,
233,
254,
255,
135,
183,
255,
255,
76,
212,
254,
255,
250,
224,
0,
0,
163,
220,
255,
255,
152,
84,
0,
0,
50,
23,
0,
0,
80,
8,
0,
0,
172,
197,
254,
255,
199,
64,
1,
0,
204,
130,
1,
0,
174,
61,
0,
0,
191,
226,
254,
255,
112,
7,
0,
0,
192,
162,
255,
255,
231,
188,
0,
0,
186,
6,
0,
0,
76,
97,
0,
0,
111,
112,
0,
0,
185,
201,
0,
0,
58,
232,
255,
255,
144,
143,
254,
255,
242,
171,
0,
0,
140,
89,
0,
0,
56,
14,
255,
255,
17,
77,
1,
0,
140,
42,
0,
0,
187,
217,
254,
255,
203,
226,
0,
0,
251,
254,
254,
255,
77,
88,
0,
0,
53,
160,
254,
255,
195,
104,
0,
0,
89,
144,
255,
255,
161,
20,
0,
0,
241,
2,
1,
0,
124,
55,
254,
255,
129,
198,
254,
255,
80,
113,
0,
0,
237,
68,
255,
255,
49,
245,
254,
255,
246,
149,
255,
255,
25,
222,
255,
255,
19,
155,
255,
255,
25,
146,
0,
0,
85,
189,
0,
0,
32,
233,
255,
255,
16,
172,
255,
255,
197,
70,
255,
255,
111,
165,
254,
255,
105,
170,
0,
0,
194,
221,
254,
255,
137,
192,
255,
255,
7,
36,
1,
0,
143,
241,
255,
255,
59,
164,
255,
255,
36,
3,
0,
0,
153,
198,
255,
255,
70,
249,
255,
255,
199,
73,
255,
255,
147,
26,
1,
0,
112,
172,
0,
0,
178,
70,
1,
0,
163,
179,
0,
0,
113,
109,
0,
0,
75,
255,
255,
255,
59,
154,
0,
0,
198,
227,
255,
255,
35,
60,
0,
0,
109,
0,
0,
0,
11,
143,
1,
0,
174,
41,
1,
0,
69,
208,
0,
0,
244,
160,
255,
255,
71,
188,
254,
255,
178,
74,
0,
0,
85,
90,
0,
0,
102,
51,
0,
0,
137,
247,
0,
0,
208,
61,
0,
0,
231,
112,
0,
0,
222,
176,
255,
255,
103,
107,
0,
0,
54,
225,
255,
255,
198,
92,
0,
0,
81,
34,
0,
0,
212,
207,
254,
255,
221,
246,
255,
255,
123,
125,
255,
255,
227,
244,
254,
255,
241,
1,
0,
0,
154,
235,
0,
0,
229,
37,
255,
255,
39,
253,
255,
255,
188,
79,
0,
0,
30,
157,
0,
0,
67,
194,
255,
255,
76,
214,
255,
255,
167,
254,
255,
255,
0,
77,
255,
255,
118,
161,
0,
0,
237,
237,
0,
0,
63,
61,
255,
255,
193,
66,
255,
255,
237,
203,
254,
255,
56,
95,
0,
0,
11,
156,
254,
255,
44,
218,
254,
255,
228,
121,
1,
0,
80,
221,
255,
255,
3,
71,
255,
255,
103,
46,
255,
255,
32,
129,
0,
0,
196,
13,
255,
255,
238,
52,
254,
255,
73,
234,
255,
255,
189,
102,
255,
255,
251,
226,
0,
0,
15,
146,
1,
0,
220,
87,
0,
0,
149,
246,
253,
255,
240,
123,
0,
0,
56,
144,
254,
255,
105,
157,
0,
0,
219,
97,
255,
255,
232,
34,
1,
0,
218,
51,
0,
0,
183,
68,
254,
255,
226,
127,
0,
0,
237,
90,
255,
255,
33,
107,
255,
255,
47,
60,
255,
255,
188,
199,
255,
255,
248,
173,
254,
255,
159,
209,
255,
255,
229,
19,
255,
255,
238,
147,
0,
0,
127,
4,
1,
0,
225,
244,
255,
255,
164,
211,
255,
255,
140,
95,
0,
0,
235,
219,
0,
0,
97,
200,
255,
255,
2,
31,
255,
255,
92,
234,
0,
0,
233,
80,
1,
0,
147,
39,
255,
255,
213,
247,
255,
255,
252,
104,
255,
255,
26,
138,
254,
255,
101,
107,
0,
0,
16,
192,
255,
255,
234,
41,
0,
0,
91,
1,
255,
255,
231,
127,
254,
255,
98,
173,
255,
255,
59,
221,
0,
0,
223,
189,
255,
255,
253,
19,
1,
0,
202,
192,
1,
0,
115,
208,
255,
255,
100,
72,
255,
255,
230,
138,
254,
255,
20,
137,
255,
255,
18,
126,
0,
0,
0,
45,
0,
0,
45,
174,
1,
0,
242,
157,
1,
0,
242,
6,
1,
0,
71,
223,
0,
0,
145,
169,
255,
255,
63,
224,
255,
255,
180,
239,
254,
255,
112,
46,
0,
0,
210,
187,
254,
255,
79,
48,
255,
255,
203,
172,
0,
0,
130,
111,
255,
255,
176,
31,
255,
255,
37,
190,
1,
0,
64,
46,
0,
0,
145,
61,
255,
255,
21,
195,
0,
0,
70,
99,
0,
0,
8,
146,
255,
255,
178,
232,
0,
0,
84,
190,
255,
255,
104,
136,
0,
0,
230,
250,
0,
0,
117,
56,
0,
0,
252,
198,
255,
255,
184,
127,
255,
255,
115,
236,
0,
0,
34,
88,
0,
0,
50,
175,
255,
255,
204,
70,
0,
0,
42,
172,
255,
255,
193,
63,
254,
255,
26,
72,
255,
255,
132,
73,
0,
0,
0,
198,
254,
255,
226,
157,
255,
255,
132,
49,
255,
255,
92,
86,
255,
255,
201,
88,
1,
0,
5,
12,
255,
255,
36,
85,
255,
255,
156,
221,
0,
0,
92,
58,
0,
0,
70,
128,
0,
0,
46,
238,
0,
0,
208,
191,
0,
0,
81,
125,
0,
0,
48,
189,
1,
0,
147,
93,
255,
255,
95,
242,
0,
0,
113,
131,
254,
255,
221,
213,
255,
255,
153,
205,
255,
255,
233,
33,
0,
0,
77,
209,
255,
255,
126,
93,
255,
255,
134,
177,
1,
0,
157,
75,
0,
0,
172,
112,
255,
255,
20,
58,
1,
0,
20,
138,
255,
255,
148,
103,
255,
255,
80,
56,
0,
0,
84,
85,
0,
0,
140,
119,
255,
255,
77,
117,
0,
0,
203,
241,
0,
0,
46,
188,
255,
255,
185,
69,
0,
0,
222,
166,
255,
255,
192,
221,
254,
255,
14,
48,
255,
255,
157,
98,
255,
255,
111,
233,
0,
0,
134,
179,
0,
0,
244,
44,
255,
255,
146,
220,
0,
0,
79,
209,
1,
0,
113,
183,
255,
255,
130,
6,
0,
0,
192,
195,
254,
255,
250,
67,
255,
255,
133,
115,
0,
0,
196,
91,
255,
255,
16,
125,
255,
255,
241,
67,
1,
0,
150,
171,
255,
255,
69,
157,
255,
255,
137,
161,
255,
255,
96,
19,
255,
255,
164,
26,
0,
0,
133,
112,
255,
255,
46,
182,
255,
255,
245,
44,
0,
0,
45,
116,
254,
255,
254,
86,
255,
255,
150,
223,
255,
255,
99,
92,
0,
0,
193,
184,
255,
255,
45,
151,
255,
255,
64,
14,
0,
0,
3,
53,
255,
255,
166,
188,
255,
255,
56,
106,
0,
0,
203,
166,
254,
255,
25,
196,
254,
255,
121,
17,
1,
0,
31,
61,
1,
0,
182,
180,
0,
0,
209,
47,
0,
0,
30,
232,
0,
0,
151,
222,
0,
0,
102,
252,
254,
255,
232,
166,
255,
255,
50,
237,
255,
255,
88,
65,
0,
0,
178,
4,
1,
0,
182,
9,
255,
255,
61,
46,
0,
0,
229,
95,
0,
0,
145,
217,
0,
0,
98,
121,
0,
0,
79,
3,
254,
255,
251,
201,
254,
255,
137,
2,
0,
0,
106,
186,
255,
255,
33,
217,
253,
255,
91,
205,
0,
0,
147,
95,
0,
0,
25,
202,
255,
255,
91,
4,
0,
0,
61,
110,
254,
255,
123,
118,
255,
255,
79,
200,
0,
0,
109,
60,
0,
0,
40,
219,
255,
255,
16,
153,
0,
0,
255,
21,
0,
0,
214,
134,
0,
0,
94,
206,
255,
255,
37,
189,
1,
0,
26,
102,
254,
255,
30,
0,
0,
0,
158,
72,
255,
255,
23,
0,
0,
0,
41,
138,
255,
255,
57,
55,
2,
0,
224,
187,
255,
255,
178,
4,
1,
0,
41,
125,
0,
0,
60,
255,
0,
0,
100,
129,
255,
255,
228,
180,
0,
0,
46,
180,
0,
0,
64,
166,
255,
255,
223,
126,
0,
0,
99,
247,
255,
255,
50,
22,
255,
255,
142,
188,
255,
255,
99,
236,
253,
255,
32,
251,
0,
0,
188,
19,
255,
255,
179,
65,
0,
0,
21,
163,
254,
255,
85,
253,
255,
255,
27,
12,
0,
0,
205,
20,
1,
0,
202,
147,
0,
0,
27,
44,
1,
0,
114,
115,
0,
0,
18,
169,
0,
0,
32,
196,
255,
255,
214,
160,
0,
0,
203,
138,
255,
255,
67,
88,
254,
255,
246,
28,
254,
255,
2,
40,
255,
255,
36,
80,
255,
255,
93,
224,
254,
255,
242,
147,
255,
255,
19,
171,
255,
255,
123,
63,
1,
0,
245,
178,
255,
255,
247,
202,
0,
0,
184,
168,
255,
255,
196,
101,
255,
255,
210,
224,
253,
255,
152,
49,
255,
255,
50,
76,
254,
255,
192,
174,
255,
255,
182,
242,
255,
255,
197,
113,
0,
0,
150,
53,
255,
255,
241,
116,
254,
255,
111,
170,
254,
255,
188,
6,
0,
0,
86,
177,
255,
255,
234,
192,
0,
0,
214,
127,
255,
255,
66,
100,
255,
255,
155,
12,
255,
255,
73,
120,
254,
255,
109,
31,
255,
255,
204,
191,
255,
255,
145,
211,
0,
0,
144,
123,
0,
0,
252,
237,
255,
255,
47,
42,
255,
255,
66,
163,
0,
0,
170,
89,
0,
0,
47,
192,
255,
255,
85,
169,
254,
255,
125,
133,
254,
255,
143,
116,
0,
0,
160,
79,
0,
0,
245,
254,
254,
255,
187,
55,
255,
255,
23,
115,
255,
255,
147,
185,
254,
255,
125,
171,
255,
255,
88,
65,
0,
0,
155,
123,
1,
0,
65,
208,
255,
255,
186,
94,
0,
0,
206,
75,
255,
255,
180,
162,
255,
255,
35,
218,
254,
255,
28,
158,
255,
255,
6,
127,
255,
255,
72,
140,
0,
0,
2,
65,
0,
0,
255,
85,
0,
0,
212,
246,
255,
255,
2,
32,
1,
0,
23,
27,
254,
255,
237,
213,
1,
0,
253,
203,
254,
255,
144,
226,
0,
0,
226,
92,
254,
255,
249,
85,
1,
0,
13,
79,
255,
255,
168,
126,
254,
255,
37,
184,
255,
255,
13,
187,
255,
255,
6,
162,
255,
255,
51,
100,
255,
255,
1,
65,
255,
255,
33,
14,
0,
0,
157,
24,
0,
0,
191,
95,
0,
0,
152,
96,
254,
255,
25,
72,
1,
0,
123,
87,
0,
0,
28,
183,
254,
255,
190,
147,
255,
255,
13,
193,
254,
255,
146,
74,
255,
255,
230,
231,
254,
255,
183,
57,
0,
0,
132,
166,
0,
0,
47,
68,
255,
255,
77,
124,
0,
0,
171,
148,
255,
255,
208,
64,
255,
255,
66,
85,
255,
255,
225,
198,
255,
255,
167,
98,
255,
255,
54,
252,
254,
255,
7,
118,
0,
0,
144,
105,
255,
255,
121,
140,
255,
255,
200,
187,
0,
0,
222,
24,
254,
255,
210,
44,
255,
255,
30,
224,
255,
255,
117,
102,
255,
255,
247,
108,
0,
0,
253,
251,
254,
255,
234,
192,
255,
255,
64,
14,
255,
255,
109,
6,
0,
0,
200,
134,
255,
255,
234,
217,
1,
0,
200,
43,
0,
0,
14,
219,
255,
255,
118,
76,
255,
255,
28,
81,
1,
0,
186,
167,
0,
0,
75,
116,
254,
255,
133,
186,
255,
255,
185,
101,
0,
0,
45,
225,
0,
0,
35,
62,
0,
0,
96,
201,
255,
255,
135,
4,
0,
0,
89,
18,
0,
0,
185,
37,
255,
255,
85,
172,
255,
255,
190,
176,
1,
0,
254,
227,
254,
255,
148,
170,
254,
255,
221,
133,
0,
0,
154,
134,
255,
255,
106,
231,
255,
255,
117,
210,
0,
0,
170,
170,
0,
0,
255,
188,
255,
255,
164,
40,
0,
0,
60,
7,
2,
0,
133,
178,
0,
0,
160,
76,
255,
255,
65,
125,
255,
255,
238,
233,
255,
255,
95,
168,
0,
0,
98,
208,
0,
0,
211,
188,
0,
0,
148,
122,
254,
255,
188,
53,
0,
0,
181,
11,
0,
0,
15,
186,
255,
255,
200,
55,
255,
255,
17,
189,
255,
255,
197,
0,
0,
0,
73,
173,
0,
0,
62,
109,
0,
0,
168,
179,
255,
255,
5,
253,
255,
255,
112,
229,
255,
255,
104,
254,
255,
255,
238,
229,
1,
0,
53,
209,
255,
255,
47,
120,
255,
255,
165,
59,
0,
0,
97,
174,
254,
255,
86,
197,
255,
255,
125,
154,
255,
255,
179,
238,
255,
255,
118,
80,
255,
255,
108,
242,
254,
255,
94,
186,
255,
255,
80,
251,
254,
255,
104,
146,
0,
0,
248,
68,
255,
255,
111,
59,
0,
0,
124,
52,
0,
0,
173,
191,
255,
255,
203,
178,
255,
255,
247,
251,
254,
255,
69,
47,
1,
0,
181,
170,
255,
255,
92,
174,
255,
255,
6,
117,
0,
0,
230,
125,
255,
255,
203,
69,
255,
255,
12,
98,
0,
0,
180,
167,
255,
255,
12,
45,
255,
255,
68,
50,
255,
255,
143,
181,
254,
255,
98,
47,
254,
255,
103,
12,
255,
255,
222,
166,
255,
255,
147,
100,
0,
0,
243,
90,
255,
255,
122,
87,
0,
0,
146,
233,
255,
255,
40,
208,
0,
0,
237,
79,
0,
0,
23,
243,
255,
255,
44,
223,
255,
255,
92,
14,
2,
0,
171,
125,
0,
0,
141,
138,
254,
255,
19,
73,
0,
0,
102,
67,
255,
255,
174,
149,
255,
255,
202,
161,
254,
255,
57,
228,
0,
0,
111,
192,
0,
0,
13,
82,
255,
255,
143,
238,
255,
255,
1,
168,
255,
255,
200,
28,
0,
0,
145,
213,
254,
255,
39,
92,
255,
255,
130,
163,
0,
0,
13,
173,
1,
0,
167,
192,
255,
255,
47,
114,
0,
0,
242,
87,
1,
0,
9,
50,
0,
0,
218,
139,
0,
0,
189,
77,
1,
0,
110,
7,
2,
0,
3,
70,
255,
255,
62,
181,
255,
255,
209,
204,
254,
255,
171,
51,
0,
0,
80,
191,
254,
255,
8,
40,
0,
0,
109,
161,
255,
255,
232,
228,
255,
255,
49,
96,
255,
255,
127,
32,
255,
255,
140,
231,
1,
0,
181,
145,
0,
0,
233,
34,
1,
0,
216,
151,
255,
255,
87,
121,
255,
255,
20,
57,
1,
0,
34,
92,
255,
255,
139,
156,
255,
255,
27,
87,
254,
255,
123,
25,
0,
0,
159,
149,
0,
0,
40,
231,
255,
255,
155,
200,
0,
0,
31,
77,
255,
255,
137,
40,
1,
0,
185,
102,
255,
255,
155,
94,
0,
0,
183,
188,
255,
255,
120,
26,
1,
0,
35,
214,
255,
255,
131,
143,
0,
0,
35,
94,
255,
255,
59,
106,
1,
0,
84,
243,
254,
255,
175,
101,
1,
0,
65,
11,
255,
255,
21,
119,
255,
255,
40,
182,
255,
255,
103,
81,
255,
255,
56,
144,
255,
255,
88,
140,
0,
0,
39,
235,
1,
0,
247,
89,
0,
0,
159,
1,
255,
255,
187,
56,
0,
0,
151,
167,
254,
255,
16,
101,
255,
255,
176,
23,
255,
255,
177,
255,
255,
255,
54,
217,
255,
255,
250,
122,
0,
0,
90,
186,
255,
255,
195,
159,
255,
255,
156,
177,
0,
0,
137,
85,
255,
255,
47,
206,
254,
255,
102,
178,
0,
0,
98,
100,
0,
0,
93,
108,
0,
0,
24,
206,
255,
255,
141,
128,
0,
0,
235,
171,
0,
0,
40,
238,
254,
255,
14,
151,
1,
0,
205,
148,
255,
255,
156,
94,
255,
255,
115,
191,
0,
0,
61,
223,
0,
0,
175,
98,
254,
255,
209,
241,
255,
255,
100,
198,
0,
0,
252,
20,
1,
0,
43,
224,
255,
255,
236,
40,
0,
0,
126,
238,
253,
255,
242,
74,
255,
255,
2,
158,
254,
255,
226,
160,
255,
255,
92,
78,
0,
0,
107,
166,
254,
255,
148,
162,
1,
0,
116,
29,
255,
255,
141,
115,
255,
255,
243,
85,
1,
0,
139,
99,
1,
0,
133,
40,
0,
0,
218,
177,
0,
0,
77,
94,
254,
255,
