# linear (shape [1000]),
-90246440.000,
-68883192.000,
-54411204.000,
-26245142.000,
-39767464.000,
-53920320.000,
-128090688.000,
-1225287.000,
-28004140.000,
-42474052.000,
-127438528.000,
-160817664.000,
-106765488.000,
-108357376.000,
-231184432.000,
-130409024.000,
-130041832.000,
-173456048.000,
-75036304.000,
-159236096.000,
-113092696.000,
-120766576.000,
-12322071.000,
-116759024.000,
-156446352.000,
-157942736.000,
-88869592.000,
-122981048.000,
-101105776.000,
-73896280.000,
-148631136.000,
-183448160.000,
-109399352.000,
-129051136.000,
-104011224.000,
-186645152.000,
-100790048.000,
-135271264.000,
-106578728.000,
-114270688.000,
-163418192.000,
-189791888.000,
-209632576.000,
-128612832.000,
-139382016.000,
-18161776.000,
-182239328.000,
-148744784.000,
-203215040.000,
-164739904.000,
-108457560.000,
-22034558.000,
-130627808.000,
-165236544.000,
-139050784.000,
-153839568.000,
-99650480.000,
-206098688.000,
-181337936.000,
-118137952.000,
-56323728.000,
-62697200.000,
-129878880.000,
-24074532.000,
-121795160.000,
-120685856.000,
-124434536.000,
-102640792.000,
-96074800.000,
-126385504.000,
-125677448.000,
-36906140.000,
-114182664.000,
-23340210.000,
-114301536.000,
-94545184.000,
-51818504.000,
-94143808.000,
-16581304.000,
-119764160.000,
2114842.000,
-44883992.000,
-94703936.000,
-103272544.000,
-149189984.000,
-127392672.000,
-114107720.000,
-88670032.000,
-190594752.000,
-140502944.000,
-153161248.000,
-129859336.000,
-274445248.000,
-101368344.000,
-91319920.000,
-221604992.000,
-84023024.000,
-165492176.000,
-100562448.000,
-70441856.000,
-15918452.000,
-83694368.000,
-119556448.000,
-89279984.000,
-93094928.000,
-128239368.000,
-78167864.000,
-85129888.000,
-97623584.000,
-181749328.000,
-140131120.000,
-78941904.000,
3135289.000,
-112488024.000,
-92577712.000,
-130157584.000,
-112798288.000,
-42936240.000,
-56639324.000,
-64159124.000,
-48476264.000,
-518744.000,
54117696.000,
-19296740.000,
54943136.000,
-106802080.000,
-37423752.000,
-47443296.000,
-68151968.000,
-98261536.000,
-60742880.000,
-151568656.000,
-60735616.000,
-192473472.000,
-86146064.000,
-145146464.000,
-153067552.000,
-183830720.000,
-69499728.000,
-84514784.000,
-133126064.000,
-158245344.000,
-199226720.000,
-127350176.000,
-103169824.000,
-156092768.000,
-127843880.000,
-106925424.000,
23602384.000,
-133599200.000,
-105287248.000,
61409348.000,
6198180.000,
-9929115.000,
-24566062.000,
-19176636.000,
6799406.000,
11476651.000,
26442784.000,
-26022252.000,
48021704.000,
39117960.000,
27522632.000,
72581328.000,
-18791742.000,
80416168.000,
13782666.000,
33721452.000,
-10028004.000,
29066256.000,
10399448.000,
16904424.000,
3780251.000,
20442848.000,
-55099016.000,
-6405900.000,
36244692.000,
25746188.000,
-25972504.000,
47349712.000,
-48184696.000,
-22267800.000,
-56011948.000,
6406265.000,
5125823.000,
-5952374.000,
23750364.000,
25428188.000,
-6975096.000,
26296324.000,
-5027789.000,
-2341600.000,
-16532484.000,
-23650196.000,
21349242.000,
12358076.000,
-19363.000,
78526264.000,
34487376.000,
43796568.000,
-11696426.000,
4906589.000,
-31874760.000,
-11211486.000,
-17529412.000,
-30935790.000,
2954990.000,
-59268480.000,
13909898.000,
-29520016.000,
-11273908.000,
-34213896.000,
-26078136.000,
54795116.000,
42178832.000,
18696388.000,
27981400.000,
45350840.000,
-15064502.000,
23674340.000,
65708632.000,
-4058011.000,
24175938.000,
34963044.000,
30375566.000,
-59201728.000,
49971880.000,
-28087668.000,
-20872920.000,
-7618628.000,
-22811764.000,
22049062.000,
14035856.000,
61197476.000,
1709368.000,
3516932.000,
23056068.000,
6052352.000,
47468320.000,
34941996.000,
33345784.000,
-6122736.000,
-2111495.000,
-73429096.000,
17023994.000,
43396128.000,
43057012.000,
-27168120.000,
35744428.000,
1291847.000,
29345392.000,
109140048.000,
25129902.000,
11653288.000,
54808040.000,
-30993486.000,
22476580.000,
-25996052.000,
-8761354.000,
-3740523.000,
-62136916.000,
-38623624.000,
15758863.000,
-10523741.000,
74028024.000,
-14870063.000,
-22719766.000,
-1682906.000,
-33055524.000,
-9359156.000,
-6255686.000,
-22793848.000,
-40996100.000,
-27177112.000,
-39525272.000,
-70381064.000,
-51939412.000,
-1945360.000,
-68137008.000,
-58267716.000,
-43831256.000,
815565.000,
-46475784.000,
-8973098.000,
-69823776.000,
22062438.000,
-36373104.000,
-39205456.000,
-54939712.000,
-50837080.000,
-45637848.000,
-106427072.000,
-41887440.000,
-31940404.000,
-59642944.000,
15639474.000,
-59449228.000,
-102857896.000,
-169993120.000,
-129842064.000,
-118937792.000,
-130696576.000,
-74139360.000,
-50548828.000,
-106651536.000,
-170621824.000,
-43385216.000,
-80692656.000,
-117270080.000,
-66998060.000,
-57586744.000,
-131271584.000,
-103776784.000,
-108204056.000,
13650555.000,
-73988992.000,
-151881152.000,
-132070432.000,
-40923588.000,
-173045536.000,
-177099744.000,
-23207728.000,
-121716232.000,
-81721248.000,
-21165234.000,
-47465840.000,
-112470328.000,
-101609040.000,
-115306944.000,
-63309088.000,
-33823192.000,
-50908820.000,
-31030922.000,
-75345088.000,
-117159424.000,
-112649808.000,
-144176064.000,
-44566444.000,
-12958833.000,
-59819800.000,
-48681276.000,
-4253197.000,
-31566152.000,
-50618816.000,
-125817200.000,
69661288.000,
-76413192.000,
-33312368.000,
-141686912.000,
-97637712.000,
-87604112.000,
-84393904.000,
-93507856.000,
-50154296.000,
-48133880.000,
20038632.000,
-22655412.000,
-59692632.000,
-7075201.000,
4396706.000,
-141845248.000,
7650380.000,
-85197776.000,
-57428960.000,
-153727568.000,
-85373984.000,
-110186384.000,
-64258216.000,
-132836032.000,
-112262384.000,
-212726448.000,
-109078664.000,
-138896672.000,
-110361144.000,
-106599488.000,
-93437024.000,
-94019856.000,
-103612952.000,
-55704424.000,
-92216752.000,
-117356048.000,
-162584112.000,
-150620720.000,
-101238400.000,
-93945152.000,
-42310920.000,
-135352736.000,
-24439442.000,
-57612960.000,
-77233584.000,
-76637800.000,
-2759182.000,
-98801352.000,
-170357280.000,
-16632784.000,
19081812.000,
-50124780.000,
-164231488.000,
-12851134.000,
84232896.000,
98730720.000,
250309056.000,
85093656.000,
91109040.000,
38727984.000,
112986576.000,
51419416.000,
86840632.000,
61422840.000,
72753248.000,
-29584444.000,
56496260.000,
62625196.000,
64849288.000,
23092544.000,
50891668.000,
68185392.000,
95909456.000,
-23790944.000,
57345152.000,
124947512.000,
29244402.000,
106288672.000,
185265344.000,
192379232.000,
42388784.000,
-16940210.000,
29471124.000,
145372368.000,
51298680.000,
29419176.000,
79774336.000,
154151648.000,
-19888168.000,
39230944.000,
102111976.000,
48759272.000,
-6772778.000,
40944640.000,
33939504.000,
13752578.000,
49711352.000,
-35760656.000,
-11210708.000,
114171168.000,
63210160.000,
91664224.000,
17524934.000,
7437094.000,
-12614632.000,
99494080.000,
33695124.000,
47236288.000,
13585252.000,
41107684.000,
-80823992.000,
43187076.000,
87412008.000,
-113835904.000,
132347200.000,
-80741672.000,
-5551304.000,
3798322.000,
54215096.000,
69408384.000,
41814944.000,
14937150.000,
38192336.000,
57353208.000,
58165080.000,
70575976.000,
66034912.000,
-66500944.000,
1025299.000,
4268648.000,
101852112.000,
27126578.000,
39697088.000,
44658752.000,
107263536.000,
-14154298.000,
95435200.000,
29420180.000,
-45645480.000,
75268200.000,
21530360.000,
128740360.000,
50176364.000,
-1359752.000,
16651307.000,
-10505072.000,
85298912.000,
32005096.000,
-31235888.000,
12664943.000,
21838822.000,
59449336.000,
-49590488.000,
99580024.000,
48432308.000,
-24820360.000,
89285968.000,
-23586984.000,
7976970.000,
60854912.000,
80996984.000,
-65298388.000,
-37418688.000,
42256300.000,
-20720396.000,
-6206758.000,
36549632.000,
51704492.000,
163364000.000,
81401328.000,
81709728.000,
111704744.000,
121817208.000,
74617664.000,
54628340.000,
13317161.000,
26176584.000,
-40309644.000,
78711760.000,
-42471432.000,
4037414.000,
99383952.000,
102197808.000,
-40572692.000,
5043758.000,
50497864.000,
9849292.000,
84650680.000,
-81777104.000,
-1867486.000,
52465128.000,
3345771.000,
118620368.000,
-51868312.000,
10442560.000,
78771176.000,
156572256.000,
173597312.000,
63878468.000,
26129758.000,
33724560.000,
167294304.000,
66327084.000,
-18144002.000,
86329624.000,
84814736.000,
-12101543.000,
75736624.000,
32591306.000,
45919296.000,
71389160.000,
47938788.000,
21522008.000,
142686272.000,
146221120.000,
78851608.000,
20225880.000,
-61096040.000,
13465984.000,
116099568.000,
71573816.000,
118067152.000,
20259248.000,
109104224.000,
128645568.000,
41843016.000,
-5517628.000,
78379328.000,
56362656.000,
3055934.000,
121074512.000,
651868.000,
93335024.000,
38559124.000,
225064320.000,
-21340074.000,
26416604.000,
39510204.000,
80556000.000,
48486204.000,
109372576.000,
184540544.000,
-13669864.000,
31232788.000,
19197032.000,
-13627414.000,
70018944.000,
-37060732.000,
177440256.000,
104810504.000,
68740560.000,
-10913743.000,
-25316128.000,
68788536.000,
-20081360.000,
45491952.000,
88605056.000,
52696180.000,
136209088.000,
13254912.000,
45135104.000,
76797520.000,
-1938426.000,
96571360.000,
42797784.000,
101477936.000,
-21748700.000,
227169168.000,
47505244.000,
69105024.000,
41356968.000,
-62813504.000,
139749200.000,
15155228.000,
53949992.000,
80804840.000,
111911120.000,
-9245640.000,
8505895.000,
2288753.000,
46534112.000,
30163688.000,
156441376.000,
16684202.000,
96852400.000,
61831380.000,
-8167196.000,
109353840.000,
12215217.000,
-14727519.000,
36700928.000,
102288944.000,
56314788.000,
66845596.000,
21333576.000,
-57483844.000,
127270928.000,
199493264.000,
-1654032.000,
-635640.000,
35498212.000,
-20534432.000,
-5777368.000,
-35514148.000,
-129926520.000,
155851680.000,
23902976.000,
89759624.000,
54888388.000,
54081188.000,
130851576.000,
61533496.000,
138935104.000,
-5151806.000,
-28490964.000,
78858264.000,
224482448.000,
4490956.000,
-38667668.000,
64604960.000,
112265664.000,
15029924.000,
129951088.000,
-74289200.000,
13827827.000,
108828304.000,
65233976.000,
45044828.000,
63667220.000,
85765888.000,
111400720.000,
25220176.000,
-52867316.000,
87470944.000,
-75043656.000,
26403032.000,
93634080.000,
-1266500.000,
144195968.000,
90020880.000,
-39351520.000,
20454656.000,
30187174.000,
41432012.000,
13764888.000,
100654400.000,
93291664.000,
40924756.000,
-55238892.000,
113867712.000,
-30081998.000,
37205256.000,
62924208.000,
-46303896.000,
131581056.000,
127035840.000,
51696036.000,
85516096.000,
95496432.000,
27686946.000,
112741448.000,
36047864.000,
-5757429.000,
15455201.000,
9518742.000,
-6773790.000,
74328832.000,
-37776812.000,
5584880.000,
57227832.000,
-15511142.000,
17060696.000,
74858528.000,
-19541632.000,
-26368124.000,
16611618.000,
18889450.000,
47042960.000,
13420719.000,
52789488.000,
-4636985.000,
-99701696.000,
35627832.000,
122387776.000,
66458504.000,
90996008.000,
66960312.000,
9591184.000,
40669968.000,
15616821.000,
29441988.000,
76218496.000,
-87974.000,
-63657896.000,
31216780.000,
22521652.000,
35967792.000,
54719036.000,
28858636.000,
119513040.000,
122962720.000,
114855760.000,
88408952.000,
59767340.000,
78495040.000,
68329080.000,
153844176.000,
128928696.000,
7388021.000,
60886264.000,
77866592.000,
-18722576.000,
98222176.000,
39802724.000,
52636572.000,
21217812.000,
22489644.000,
181092704.000,
45985368.000,
63292312.000,
67695120.000,
109233520.000,
-16897472.000,
36036700.000,
23842154.000,
16777007.000,
-37738100.000,
57319560.000,
-43500376.000,
36632908.000,
29590980.000,
196521024.000,
35934288.000,
25377748.000,
14393619.000,
10599856.000,
134173616.000,
69566848.000,
-85098776.000,
-46713464.000,
44239560.000,
126528448.000,
-35256376.000,
113858200.000,
-19564380.000,
12700874.000,
111233664.000,
65000448.000,
17717436.000,
50126188.000,
78104224.000,
46970528.000,
78326480.000,
-289502.000,
-3941400.000,
-16352548.000,
-101916592.000,
127606464.000,
121544864.000,
16988502.000,
18157106.000,
15507584.000,
31195240.000,
93672768.000,
-21657212.000,
63434548.000,
101021840.000,
109534880.000,
49246656.000,
74116616.000,
-57793836.000,
-93974360.000,
86869824.000,
113471216.000,
260888832.000,
108824624.000,
22773208.000,
205344064.000,
100858288.000,
75520176.000,
-70392168.000,
6718484.000,
50658724.000,
-38447196.000,
21535348.000,
182825600.000,
112611792.000,
16711618.000,
66055400.000,
76534208.000,
-94549944.000,
135784912.000,
127176248.000,
-43332636.000,
-53384880.000,
-13883692.000,
123693808.000,
37776132.000,
32663004.000,
8070880.000,
76317792.000,
54857792.000,
115133392.000,
53123788.000,
-922415.000,
15102746.000,
88881128.000,
42838828.000,
-78389584.000,
186339360.000,
-9431664.000,
121870000.000,
99737056.000,
-71080648.000,
73924576.000,
68299616.000,
74401912.000,
147444608.000,
-74965112.000,
107805936.000,
17086762.000,
168025936.000,
159720064.000,
51491792.000,
56330312.000,
172562208.000,
68138504.000,
76096192.000,
-23778048.000,
-50567096.000,
148568864.000,
91139160.000,
-47947840.000,
57050240.000,
103977168.000,
89488232.000,
160353600.000,
-7395070.000,
-362252.000,
-44168616.000,
103985512.000,
13308968.000,
44384704.000,
-46593076.000,
147254048.000,
1727152.000,
52313112.000,
47523200.000,
70025776.000,
41696948.000,
77358576.000,
92204328.000,
34955312.000,
8280018.000,
9666223.000,
8933906.000,
-31599748.000,
15535426.000,
40387840.000,
13792906.000,
69465848.000,
-6752316.000,
72143416.000,
20496714.000,
6199689.000,
-24162684.000,
-12694123.000,
-73027616.000,
10264692.000,
32299080.000,
109327600.000,
95425608.000,
129300096.000,
64110608.000,
30072186.000,
15152180.000,
131901224.000,
63000204.000,
10461071.000,
-49140968.000,
-75596528.000,
-44492384.000,
25296472.000,
-17401120.000,
39331764.000,
-103557848.000,
-45695100.000,
2334970.000,
-86085600.000,
18779626.000,
-94632168.000,
-24337000.000,
-108468776.000,
-84727080.000,
-135169568.000,
-127026472.000,
-112139040.000,
-114364016.000,
-23817322.000,
-86048736.000,
-119783232.000,
-123427968.000,
-71846448.000,
-47749968.000,
-31944840.000,
-36056452.000,
-75514104.000,
-128680424.000,
-1068304.000,
-7315745.000,
-113209264.000,
-37950088.000,
-35522324.000,
44246088.000,
-42630384.000,
-18275036.000,
-100592136.000,
-35333608.000,
-25263864.000,
-104384816.000,
2297844.000,
116970464.000,
52162220.000,
110379288.000,
37872928.000,
98856808.000,
23734896.000,
-13516931.000,
-96937672.000,
-107254128.000,
-52143032.000,
-92070208.000,
-27014852.000,
-42320236.000,
-58568776.000,
24064894.000,
129574992.000,
92560800.000,
-13444696.000,
-85705704.000,
1474754.000,
-120001808.000,
-30892828.000,
-127143120.000,
-75834888.000,
-111845088.000,
-93959336.000,
-52353472.000,
-17923860.000,
-90658968.000,
-50075532.000,
-47708944.000,
-117848320.000,
-75171760.000,
57891664.000,
