# resBlock3._QL_REPLACED__INTEGERIZE_BN2D_UNSIGNED_ACT_PASS_7 (shape [7, 7, 128]),
0,
0,
0,
45,
0,
35,
13,
7,
0,
0,
0,
0,
32,
0,
14,
18,
44,
0,
0,
0,
0,
0,
0,
14,
17,
0,
4,
0,
14,
18,
0,
0,
0,
0,
0,
0,
0,
0,
0,
6,
29,
0,
17,
0,
49,
0,
3,
4,
0,
0,
0,
0,
0,
0,
0,
0,
43,
0,
0,
0,
2,
0,
16,
46,
0,
0,
49,
20,
0,
5,
0,
0,
0,
0,
0,
0,
76,
0,
0,
0,
2,
0,
0,
4,
0,
0,
0,
0,
0,
0,
0,
0,
10,
25,
0,
0,
0,
0,
0,
0,
56,
0,
0,
0,
0,
0,
0,
0,
0,
17,
0,
0,
0,
2,
0,
6,
0,
0,
0,
6,
0,
0,
0,
2,
0,
0,
7,
0,
0,
0,
0,
26,
20,
49,
47,
5,
0,
6,
4,
0,
67,
0,
1,
0,
32,
8,
0,
0,
0,
0,
0,
0,
0,
0,
0,
23,
18,
0,
0,
10,
0,
1,
0,
0,
2,
0,
0,
6,
80,
0,
0,
0,
6,
0,
36,
14,
113,
0,
0,
14,
20,
5,
0,
0,
10,
0,
2,
5,
0,
0,
0,
20,
0,
0,
62,
0,
0,
0,
0,
0,
0,
0,
0,
0,
50,
0,
0,
21,
16,
0,
0,
0,
0,
0,
0,
0,
0,
0,
0,
0,
0,
0,
0,
11,
0,
0,
0,
0,
0,
0,
0,
41,
0,
0,
0,
0,
0,
0,
7,
0,
0,
0,
0,
0,
0,
52,
0,
0,
0,
27,
0,
0,
0,
0,
39,
0,
0,
0,
0,
32,
25,
56,
9,
0,
0,
19,
0,
9,
25,
0,
4,
0,
36,
0,
0,
0,
0,
0,
0,
0,
0,
0,
8,
0,
43,
0,
0,
11,
0,
0,
0,
0,
44,
0,
0,
0,
21,
0,
0,
0,
0,
0,
52,
0,
0,
0,
0,
5,
6,
12,
0,
17,
24,
0,
0,
0,
0,
0,
16,
23,
0,
0,
0,
0,
0,
20,
0,
0,
0,
0,
4,
0,
0,
0,
0,
33,
0,
0,
0,
0,
0,
0,
0,
0,
30,
0,
0,
1,
0,
0,
0,
2,
0,
0,
78,
19,
0,
0,
0,
67,
0,
0,
18,
0,
0,
0,
0,
0,
0,
0,
0,
0,
30,
46,
0,
47,
3,
15,
0,
0,
0,
2,
0,
0,
0,
0,
0,
50,
0,
62,
0,
53,
0,
28,
0,
0,
0,
2,
0,
0,
18,
3,
0,
0,
0,
0,
17,
0,
0,
0,
0,
0,
0,
0,
6,
35,
0,
0,
0,
8,
38,
47,
0,
0,
17,
0,
0,
11,
0,
0,
3,
0,
0,
0,
0,
3,
44,
0,
0,
13,
0,
3,
6,
0,
0,
0,
0,
33,
0,
0,
0,
0,
0,
3,
0,
3,
0,
17,
0,
19,
0,
0,
0,
39,
9,
0,
0,
16,
0,
0,
23,
4,
48,
0,
0,
0,
0,
0,
0,
5,
0,
0,
42,
22,
0,
0,
0,
73,
0,
0,
5,
0,
0,
19,
0,
55,
0,
0,
0,
0,
9,
85,
0,
38,
24,
0,
0,
0,
0,
0,
0,
0,
0,
0,
0,
62,
16,
59,
10,
52,
0,
0,
0,
0,
0,
44,
15,
0,
0,
26,
0,
7,
0,
0,
0,
0,
0,
0,
0,
0,
0,
0,
0,
1,
0,
0,
0,
29,
21,
43,
0,
0,
17,
0,
33,
20,
0,
0,
0,
3,
0,
0,
0,
0,
12,
0,
0,
0,
4,
0,
3,
0,
0,
0,
0,
40,
0,
0,
0,
0,
0,
12,
0,
0,
0,
0,
0,
37,
0,
0,
0,
30,
5,
8,
0,
17,
0,
0,
17,
3,
22,
0,
0,
0,
0,
0,
2,
0,
0,
0,
20,
20,
3,
0,
0,
42,
0,
0,
0,
0,
0,
35,
0,
0,
0,
12,
0,
0,
0,
72,
0,
0,
19,
0,
0,
10,
0,
16,
0,
0,
0,
4,
0,
36,
7,
33,
80,
16,
0,
5,
14,
13,
17,
0,
42,
0,
16,
0,
0,
0,
0,
0,
0,
0,
0,
0,
10,
0,
35,
0,
0,
0,
3,
0,
0,
0,
37,
12,
0,
14,
7,
0,
46,
0,
0,
0,
0,
0,
0,
0,
0,
0,
11,
0,
6,
0,
0,
0,
0,
0,
0,
0,
0,
8,
0,
0,
26,
0,
0,
0,
0,
0,
0,
41,
0,
0,
12,
0,
0,
11,
0,
42,
0,
17,
0,
0,
0,
0,
3,
0,
0,
0,
0,
0,
0,
0,
0,
10,
0,
6,
50,
0,
0,
0,
0,
0,
6,
0,
5,
41,
0,
0,
0,
31,
0,
36,
0,
67,
0,
0,
0,
60,
0,
8,
10,
0,
0,
0,
0,
0,
0,
0,
21,
14,
11,
0,
0,
0,
0,
0,
0,
0,
0,
0,
14,
0,
0,
0,
0,
0,
19,
0,
0,
0,
7,
51,
0,
0,
0,
47,
7,
17,
0,
56,
10,
0,
0,
13,
24,
0,
0,
0,
7,
0,
49,
43,
16,
0,
0,
10,
32,
8,
0,
0,
26,
0,
9,
7,
2,
0,
0,
0,
0,
0,
0,
0,
0,
0,
0,
0,
0,
0,
0,
31,
35,
0,
0,
6,
21,
0,
0,
0,
0,
0,
26,
2,
22,
0,
0,
0,
0,
0,
0,
27,
0,
0,
0,
3,
0,
0,
0,
22,
0,
0,
0,
0,
0,
16,
0,
0,
0,
0,
0,
0,
0,
0,
0,
12,
0,
22,
0,
0,
0,
0,
27,
0,
2,
0,
0,
11,
0,
46,
0,
30,
0,
33,
0,
0,
0,
0,
0,
71,
0,
0,
0,
0,
0,
0,
32,
26,
0,
0,
0,
0,
89,
33,
0,
0,
0,
0,
29,
0,
19,
32,
0,
0,
0,
0,
0,
0,
0,
0,
8,
0,
0,
0,
0,
0,
0,
0,
0,
0,
0,
0,
26,
0,
0,
0,
23,
0,
0,
0,
0,
0,
0,
26,
0,
18,
0,
0,
41,
9,
0,
0,
0,
0,
0,
6,
0,
0,
0,
0,
4,
0,
6,
0,
0,
0,
6,
0,
0,
0,
0,
0,
0,
0,
0,
0,
0,
3,
0,
0,
0,
0,
0,
0,
20,
24,
0,
0,
0,
0,
38,
1,
0,
0,
56,
54,
2,
0,
0,
58,
0,
0,
0,
0,
0,
0,
0,
0,
0,
0,
0,
37,
15,
12,
0,
145,
0,
59,
0,
0,
60,
21,
0,
0,
90,
26,
0,
11,
0,
0,
0,
0,
0,
4,
0,
0,
0,
0,
0,
23,
0,
0,
0,
0,
56,
67,
5,
0,
69,
0,
20,
0,
0,
2,
20,
0,
0,
0,
0,
0,
0,
163,
54,
0,
0,
10,
0,
0,
0,
0,
138,
0,
0,
0,
0,
14,
2,
0,
0,
0,
0,
0,
0,
0,
0,
0,
0,
0,
61,
0,
0,
0,
0,
11,
0,
0,
0,
0,
0,
0,
57,
0,
45,
0,
0,
4,
0,
0,
0,
0,
0,
0,
0,
24,
0,
0,
0,
0,
0,
11,
0,
0,
4,
0,
18,
0,
0,
0,
0,
0,
0,
0,
0,
0,
7,
0,
0,
0,
0,
59,
0,
30,
0,
6,
4,
75,
0,
0,
41,
40,
0,
0,
0,
0,
0,
0,
0,
0,
0,
0,
0,
0,
0,
0,
0,
0,
0,
0,
0,
13,
0,
0,
0,
65,
0,
0,
0,
0,
21,
0,
0,
0,
40,
5,
2,
0,
0,
0,
0,
50,
108,
0,
0,
0,
0,
0,
58,
0,
103,
0,
0,
0,
0,
0,
0,
0,
0,
15,
0,
0,
0,
15,
0,
0,
0,
0,
73,
0,
0,
0,
0,
0,
2,
22,
0,
0,
0,
0,
41,
0,
25,
0,
0,
0,
0,
0,
0,
0,
0,
0,
0,
0,
0,
140,
4,
0,
0,
48,
0,
20,
48,
0,
0,
29,
0,
0,
0,
0,
0,
0,
0,
8,
33,
0,
21,
0,
0,
64,
0,
0,
0,
0,
87,
49,
14,
0,
69,
0,
0,
0,
0,
0,
0,
0,
0,
0,
0,
0,
19,
43,
0,
16,
0,
0,
0,
10,
0,
67,
0,
0,
0,
17,
0,
0,
0,
0,
38,
0,
0,
0,
50,
56,
9,
0,
102,
0,
0,
13,
91,
0,
14,
0,
0,
0,
88,
0,
0,
0,
0,
0,
0,
0,
0,
14,
0,
0,
0,
0,
59,
0,
0,
0,
0,
0,
0,
0,
0,
0,
0,
32,
0,
0,
1,
0,
0,
0,
0,
0,
0,
0,
0,
1,
0,
0,
0,
0,
0,
0,
36,
0,
0,
134,
0,
113,
0,
0,
0,
40,
49,
0,
0,
6,
0,
0,
27,
0,
0,
0,
0,
4,
50,
29,
53,
30,
0,
93,
43,
0,
0,
0,
41,
12,
9,
0,
21,
0,
0,
0,
0,
0,
0,
0,
14,
0,
0,
0,
10,
0,
0,
0,
0,
0,
0,
0,
0,
24,
46,
0,
35,
24,
0,
0,
0,
0,
32,
0,
0,
0,
28,
26,
0,
0,
105,
0,
0,
0,
73,
0,
51,
3,
0,
0,
40,
0,
0,
0,
0,
0,
0,
0,
2,
0,
0,
0,
0,
0,
57,
0,
0,
0,
0,
0,
0,
0,
0,
0,
0,
0,
0,
0,
0,
0,
0,
0,
0,
0,
22,
0,
0,
54,
0,
8,
5,
0,
0,
0,
27,
0,
0,
73,
0,
92,
0,
0,
0,
40,
23,
0,
0,
0,
0,
24,
94,
0,
0,
0,
0,
0,
3,
0,
86,
16,
0,
0,
0,
0,
0,
0,
0,
0,
0,
0,
0,
90,
0,
0,
0,
0,
0,
0,
0,
0,
0,
0,
4,
0,
0,
42,
0,
0,
0,
17,
0,
27,
0,
0,
0,
24,
0,
0,
0,
0,
0,
8,
0,
0,
0,
80,
20,
3,
0,
0,
0,
0,
51,
0,
8,
0,
0,
0,
72,
43,
0,
0,
0,
0,
0,
0,
17,
0,
0,
22,
0,
0,
28,
0,
0,
0,
0,
0,
0,
0,
0,
0,
0,
0,
0,
0,
0,
0,
0,
0,
0,
0,
0,
0,
0,
6,
0,
0,
0,
0,
0,
0,
10,
0,
0,
28,
0,
0,
0,
14,
0,
0,
0,
61,
0,
0,
0,
57,
0,
0,
0,
0,
0,
3,
0,
0,
0,
0,
0,
10,
0,
54,
43,
0,
2,
0,
0,
24,
30,
10,
0,
0,
27,
0,
0,
0,
0,
24,
0,
0,
0,
12,
35,
0,
0,
12,
0,
0,
0,
0,
0,
0,
0,
0,
1,
0,
29,
5,
46,
0,
0,
0,
0,
60,
0,
0,
0,
0,
0,
7,
37,
0,
0,
0,
0,
0,
0,
12,
31,
0,
0,
0,
0,
20,
0,
0,
0,
0,
0,
0,
0,
0,
0,
0,
0,
0,
0,
0,
8,
0,
0,
0,
0,
0,
42,
0,
0,
0,
49,
0,
0,
0,
0,
0,
0,
0,
0,
0,
0,
0,
0,
0,
0,
0,
0,
0,
0,
16,
0,
1,
0,
45,
13,
9,
0,
18,
11,
0,
0,
8,
0,
15,
0,
51,
2,
28,
0,
17,
0,
1,
0,
7,
0,
13,
0,
0,
0,
11,
0,
0,
0,
23,
14,
0,
0,
0,
0,
0,
0,
0,
0,
0,
0,
2,
0,
24,
0,
0,
0,
0,
54,
0,
57,
0,
0,
0,
27,
0,
0,
14,
0,
0,
0,
0,
19,
0,
0,
11,
34,
0,
0,
0,
0,
0,
27,
6,
0,
8,
0,
0,
0,
0,
0,
8,
9,
15,
0,
2,
0,
29,
0,
0,
0,
0,
0,
0,
0,
0,
0,
0,
20,
21,
0,
0,
0,
0,
0,
0,
35,
0,
0,
0,
0,
0,
0,
0,
0,
19,
0,
0,
0,
15,
0,
0,
0,
0,
0,
0,
0,
0,
0,
0,
0,
12,
1,
0,
0,
0,
0,
0,
33,
0,
44,
0,
0,
24,
0,
0,
0,
0,
0,
0,
19,
0,
56,
0,
0,
0,
0,
0,
0,
0,
0,
0,
0,
0,
0,
1,
0,
0,
0,
0,
0,
0,
0,
61,
0,
0,
0,
0,
17,
0,
33,
0,
18,
0,
0,
0,
0,
0,
3,
0,
14,
0,
0,
18,
0,
0,
0,
0,
0,
0,
130,
3,
0,
0,
0,
0,
0,
0,
0,
38,
0,
22,
0,
0,
36,
0,
0,
0,
0,
0,
0,
0,
0,
0,
0,
3,
0,
0,
0,
0,
0,
34,
146,
0,
0,
0,
0,
39,
0,
0,
0,
0,
0,
0,
0,
0,
0,
0,
0,
0,
0,
0,
0,
0,
0,
1,
0,
0,
0,
0,
0,
0,
25,
0,
0,
0,
5,
0,
0,
11,
0,
20,
0,
2,
0,
33,
0,
22,
0,
8,
0,
30,
0,
0,
18,
0,
0,
0,
0,
0,
0,
0,
0,
0,
0,
0,
2,
0,
46,
0,
0,
0,
36,
0,
3,
0,
0,
0,
0,
0,
0,
0,
0,
0,
0,
0,
0,
0,
0,
0,
0,
0,
16,
0,
6,
0,
0,
0,
10,
29,
0,
0,
0,
0,
0,
0,
0,
22,
0,
1,
0,
19,
0,
0,
0,
0,
0,
0,
0,
0,
7,
0,
0,
0,
0,
0,
0,
0,
0,
0,
17,
0,
0,
0,
0,
13,
0,
8,
0,
0,
0,
0,
0,
0,
0,
0,
0,
0,
0,
0,
0,
20,
19,
0,
4,
0,
0,
40,
0,
3,
0,
0,
0,
8,
0,
14,
0,
16,
0,
0,
35,
81,
32,
0,
53,
25,
29,
4,
20,
0,
0,
0,
0,
0,
0,
0,
0,
0,
0,
0,
0,
0,
34,
0,
0,
0,
84,
0,
0,
0,
0,
0,
48,
0,
21,
0,
0,
4,
0,
0,
0,
0,
0,
0,
18,
0,
0,
0,
0,
26,
60,
0,
0,
0,
0,
0,
0,
3,
0,
0,
0,
0,
0,
0,
0,
0,
0,
0,
0,
26,
0,
0,
57,
0,
0,
7,
0,
0,
7,
0,
0,
0,
0,
5,
0,
0,
0,
0,
0,
0,
0,
0,
0,
0,
0,
0,
7,
0,
6,
0,
0,
0,
0,
0,
0,
0,
0,
0,
0,
0,
0,
93,
0,
0,
8,
0,
0,
0,
0,
0,
0,
16,
14,
23,
0,
84,
0,
2,
0,
38,
7,
0,
0,
27,
1,
34,
18,
0,
0,
0,
0,
0,
0,
0,
0,
0,
0,
0,
0,
13,
0,
0,
0,
0,
17,
6,
0,
5,
54,
0,
0,
0,
0,
0,
0,
32,
88,
0,
0,
2,
0,
0,
7,
0,
0,
0,
0,
0,
40,
0,
0,
0,
0,
0,
61,
0,
0,
0,
0,
0,
0,
0,
0,
0,
0,
0,
0,
27,
0,
0,
57,
0,
0,
0,
0,
0,
0,
0,
0,
0,
0,
10,
0,
0,
0,
0,
35,
0,
0,
0,
0,
0,
0,
0,
14,
0,
18,
0,
0,
0,
0,
0,
0,
0,
0,
0,
0,
0,
0,
41,
27,
0,
0,
0,
0,
0,
0,
0,
0,
42,
46,
40,
0,
0,
0,
0,
0,
0,
118,
0,
0,
29,
0,
0,
26,
0,
0,
0,
0,
0,
0,
0,
0,
12,
0,
0,
5,
0,
0,
0,
0,
0,
0,
87,
0,
0,
50,
0,
0,
58,
23,
0,
0,
0,
0,
9,
0,
0,
0,
68,
21,
0,
0,
0,
0,
58,
0,
0,
0,
0,
0,
0,
14,
0,
0,
0,
0,
0,
0,
0,
0,
5,
0,
0,
0,
70,
0,
0,
0,
0,
0,
0,
8,
0,
10,
0,
0,
7,
3,
10,
0,
0,
0,
12,
0,
0,
0,
0,
0,
15,
0,
0,
0,
0,
0,
0,
15,
12,
0,
0,
0,
0,
48,
3,
0,
0,
0,
78,
0,
0,
0,
21,
17,
0,
0,
0,
0,
0,
0,
0,
0,
0,
0,
11,
0,
24,
0,
0,
0,
0,
0,
0,
0,
11,
0,
0,
31,
0,
0,
7,
0,
0,
0,
0,
0,
23,
12,
25,
0,
36,
0,
3,
0,
0,
30,
0,
15,
24,
4,
0,
39,
0,
97,
0,
0,
12,
16,
0,
0,
21,
0,
0,
0,
0,
37,
0,
0,
16,
0,
0,
4,
0,
79,
0,
0,
0,
0,
42,
0,
0,
0,
8,
0,
0,
6,
0,
131,
0,
0,
0,
0,
0,
0,
0,
0,
0,
0,
0,
0,
0,
0,
0,
94,
18,
0,
0,
0,
0,
0,
0,
0,
0,
0,
0,
0,
11,
0,
1,
0,
0,
0,
48,
0,
0,
0,
71,
0,
30,
0,
0,
0,
0,
19,
0,
0,
22,
0,
0,
0,
12,
0,
51,
0,
0,
0,
3,
0,
47,
0,
0,
0,
0,
0,
0,
0,
0,
12,
0,
9,
6,
12,
4,
0,
19,
18,
0,
11,
0,
0,
33,
0,
0,
3,
0,
7,
0,
34,
0,
5,
0,
0,
0,
0,
0,
0,
23,
0,
0,
21,
0,
9,
0,
6,
0,
50,
3,
0,
0,
0,
0,
0,
16,
0,
0,
0,
0,
0,
36,
27,
0,
0,
18,
0,
0,
0,
5,
0,
4,
0,
0,
0,
0,
0,
0,
0,
9,
0,
0,
0,
0,
0,
0,
22,
0,
0,
0,
0,
17,
0,
0,
0,
0,
0,
0,
0,
0,
0,
0,
0,
0,
0,
0,
0,
23,
2,
0,
0,
18,
0,
0,
0,
22,
0,
0,
0,
0,
0,
51,
0,
10,
2,
0,
0,
24,
0,
17,
0,
0,
13,
0,
0,
0,
0,
7,
24,
0,
0,
0,
71,
0,
0,
0,
3,
0,
0,
0,
0,
0,
0,
0,
0,
0,
0,
0,
17,
0,
0,
0,
0,
13,
0,
0,
0,
0,
11,
0,
32,
0,
0,
147,
19,
0,
0,
0,
0,
0,
0,
0,
16,
0,
0,
0,
0,
5,
0,
0,
0,
75,
0,
15,
0,
13,
0,
0,
0,
0,
33,
0,
0,
0,
0,
0,
0,
0,
0,
0,
0,
0,
54,
0,
33,
0,
0,
0,
0,
61,
0,
0,
3,
85,
0,
0,
0,
49,
0,
0,
0,
0,
0,
0,
0,
61,
20,
0,
0,
0,
0,
0,
0,
0,
0,
0,
34,
7,
50,
21,
0,
0,
30,
0,
0,
0,
0,
2,
1,
0,
56,
0,
0,
0,
0,
0,
51,
0,
0,
0,
15,
0,
0,
4,
0,
0,
0,
0,
0,
0,
0,
29,
10,
0,
0,
0,
9,
0,
71,
0,
0,
0,
0,
0,
0,
0,
0,
0,
0,
0,
0,
101,
2,
0,
0,
9,
0,
0,
69,
0,
0,
0,
0,
0,
0,
0,
0,
67,
0,
30,
0,
17,
0,
0,
0,
0,
0,
0,
26,
0,
0,
0,
0,
0,
3,
0,
20,
0,
0,
0,
0,
0,
0,
0,
0,
53,
0,
8,
0,
0,
0,
13,
0,
0,
0,
5,
0,
0,
0,
0,
0,
0,
0,
0,
0,
0,
0,
35,
0,
0,
18,
0,
0,
0,
16,
0,
0,
78,
0,
0,
0,
0,
0,
8,
2,
7,
0,
0,
13,
0,
0,
0,
0,
0,
0,
0,
32,
0,
82,
0,
3,
45,
0,
0,
15,
3,
0,
0,
0,
0,
0,
0,
0,
0,
3,
0,
14,
0,
0,
0,
0,
0,
0,
106,
0,
0,
0,
0,
0,
47,
12,
0,
19,
0,
0,
0,
45,
0,
0,
0,
0,
0,
0,
0,
129,
0,
0,
38,
0,
0,
23,
23,
0,
0,
0,
0,
30,
0,
0,
0,
0,
0,
0,
0,
0,
0,
0,
4,
36,
0,
4,
0,
0,
43,
0,
0,
31,
0,
0,
0,
0,
41,
0,
46,
0,
0,
6,
70,
0,
0,
0,
0,
25,
0,
0,
40,
21,
8,
42,
0,
0,
0,
13,
0,
0,
7,
0,
0,
0,
0,
0,
89,
0,
0,
0,
0,
31,
0,
0,
0,
0,
44,
0,
0,
0,
0,
0,
0,
28,
0,
0,
0,
0,
91,
67,
8,
0,
0,
26,
0,
48,
0,
21,
0,
0,
0,
0,
0,
0,
0,
0,
35,
0,
20,
0,
0,
0,
16,
3,
0,
0,
0,
0,
0,
0,
0,
0,
0,
0,
0,
0,
0,
9,
0,
0,
39,
0,
0,
0,
5,
0,
0,
0,
0,
21,
0,
0,
0,
0,
0,
0,
0,
14,
0,
0,
0,
21,
0,
0,
0,
0,
0,
0,
0,
0,
0,
0,
0,
0,
34,
0,
24,
0,
0,
0,
91,
0,
0,
36,
0,
15,
0,
0,
54,
0,
0,
16,
0,
0,
24,
7,
0,
0,
0,
0,
29,
0,
0,
0,
29,
0,
8,
0,
0,
0,
0,
0,
0,
0,
17,
0,
4,
5,
42,
0,
0,
0,
121,
103,
0,
30,
178,
113,
56,
0,
0,
0,
0,
0,
0,
0,
0,
21,
0,
17,
9,
0,
0,
0,
0,
0,
0,
0,
0,
0,
120,
12,
0,
0,
23,
0,
0,
0,
0,
113,
0,
6,
0,
0,
14,
0,
0,
0,
39,
0,
0,
0,
0,
0,
0,
0,
60,
14,
0,
0,
0,
4,
0,
0,
0,
24,
0,
0,
28,
70,
0,
0,
0,
0,
0,
0,
0,
0,
4,
0,
0,
0,
65,
0,
0,
2,
0,
41,
0,
0,
0,
0,
126,
0,
0,
15,
0,
0,
0,
0,
0,
0,
0,
1,
0,
0,
0,
0,
0,
11,
43,
0,
0,
0,
0,
0,
0,
15,
74,
0,
0,
46,
0,
0,
0,
0,
9,
0,
0,
0,
0,
52,
0,
0,
14,
0,
0,
0,
9,
22,
0,
0,
0,
0,
0,
0,
25,
0,
0,
0,
28,
0,
55,
0,
33,
0,
0,
0,
0,
0,
0,
0,
0,
0,
0,
0,
0,
76,
0,
0,
0,
0,
8,
38,
0,
0,
0,
0,
0,
18,
0,
0,
0,
0,
0,
0,
0,
0,
0,
0,
0,
0,
0,
0,
10,
0,
2,
59,
0,
0,
0,
0,
0,
0,
8,
0,
0,
0,
0,
0,
0,
0,
0,
0,
0,
0,
28,
0,
30,
0,
44,
7,
0,
0,
42,
0,
0,
3,
0,
0,
32,
4,
31,
0,
12,
0,
32,
0,
0,
0,
0,
0,
0,
0,
0,
0,
0,
0,
0,
0,
0,
10,
0,
3,
0,
0,
0,
0,
0,
5,
0,
0,
0,
0,
33,
0,
0,
0,
0,
53,
0,
48,
0,
14,
9,
2,
0,
0,
5,
0,
0,
0,
0,
31,
0,
0,
0,
12,
0,
40,
0,
0,
0,
0,
34,
0,
0,
0,
0,
0,
0,
0,
5,
29,
0,
0,
41,
9,
9,
0,
3,
0,
0,
0,
0,
0,
0,
0,
0,
5,
16,
0,
0,
0,
0,
0,
0,
40,
0,
0,
6,
0,
0,
0,
0,
0,
18,
0,
0,
0,
0,
0,
0,
0,
0,
0,
0,
11,
0,
0,
0,
0,
1,
5,
0,
0,
0,
0,
0,
0,
0,
0,
56,
0,
0,
0,
0,
0,
5,
0,
8,
0,
0,
0,
0,
0,
0,
0,
0,
12,
0,
12,
31,
0,
0,
0,
0,
6,
0,
0,
26,
0,
27,
0,
0,
0,
0,
68,
1,
63,
0,
25,
0,
0,
0,
0,
54,
0,
26,
3,
0,
0,
0,
0,
52,
6,
0,
0,
0,
0,
0,
9,
24,
0,
0,
0,
0,
0,
0,
0,
43,
0,
69,
0,
8,
36,
0,
0,
0,
0,
0,
8,
0,
0,
0,
0,
0,
0,
9,
0,
0,
0,
0,
5,
0,
0,
0,
0,
59,
0,
0,
0,
0,
0,
28,
0,
0,
0,
0,
0,
0,
0,
18,
0,
0,
0,
0,
10,
8,
0,
0,
0,
0,
0,
42,
0,
0,
7,
0,
20,
20,
0,
0,
0,
0,
0,
57,
0,
17,
0,
0,
0,
0,
0,
0,
0,
0,
17,
0,
0,
0,
45,
0,
3,
0,
0,
23,
0,
0,
0,
0,
0,
3,
0,
0,
0,
0,
21,
0,
0,
0,
0,
0,
0,
0,
0,
0,
0,
0,
57,
0,
0,
0,
0,
0,
3,
14,
0,
0,
0,
0,
39,
0,
0,
0,
0,
0,
26,
13,
0,
44,
0,
17,
9,
0,
0,
0,
0,
0,
0,
0,
0,
0,
4,
0,
0,
0,
46,
6,
0,
15,
10,
8,
13,
0,
0,
47,
0,
17,
0,
0,
4,
69,
0,
0,
0,
0,
0,
0,
1,
0,
0,
0,
0,
0,
0,
0,
0,
13,
0,
0,
0,
0,
0,
0,
0,
0,
0,
16,
0,
0,
54,
0,
0,
0,
23,
2,
3,
0,
0,
7,
0,
0,
0,
5,
104,
0,
0,
0,
60,
0,
0,
78,
11,
44,
0,
0,
3,
24,
0,
31,
0,
0,
0,
0,
1,
0,
0,
0,
0,
0,
0,
0,
0,
0,
0,
0,
0,
0,
0,
180,
57,
0,
0,
17,
0,
0,
0,
0,
137,
0,
0,
0,
0,
0,
0,
113,
0,
0,
0,
24,
39,
55,
0,
20,
0,
29,
21,
0,
0,
0,
0,
0,
0,
0,
0,
7,
0,
0,
27,
0,
5,
0,
0,
45,
0,
0,
0,
0,
0,
22,
0,
0,
0,
43,
0,
0,
0,
27,
0,
0,
37,
13,
0,
0,
0,
1,
0,
0,
0,
0,
0,
0,
0,
0,
0,
4,
0,
0,
0,
0,
0,
45,
7,
2,
0,
0,
0,
18,
0,
0,
0,
21,
22,
0,
65,
0,
0,
0,
0,
28,
33,
0,
0,
0,
0,
2,
0,
0,
27,
0,
8,
0,
21,
0,
0,
13,
0,
0,
0,
0,
0,
0,
0,
0,
0,
0,
0,
120,
59,
0,
0,
78,
0,
0,
0,
0,
13,
0,
0,
0,
0,
0,
0,
68,
0,
0,
0,
0,
96,
32,
0,
0,
0,
0,
44,
0,
0,
0,
0,
0,
0,
1,
0,
0,
0,
0,
0,
0,
41,
0,
0,
42,
0,
0,
29,
0,
0,
3,
0,
0,
0,
13,
0,
0,
0,
54,
0,
0,
0,
0,
60,
0,
0,
0,
0,
0,
24,
0,
0,
0,
7,
0,
0,
0,
0,
0,
29,
0,
0,
19,
0,
3,
0,
0,
52,
79,
0,
0,
0,
0,
0,
0,
0,
12,
0,
0,
6,
0,
0,
0,
3,
0,
0,
0,
4,
0,
0,
6,
0,
0,
0,
0,
0,
0,
0,
4,
0,
0,
0,
0,
0,
27,
0,
0,
0,
19,
58,
0,
0,
0,
0,
0,
38,
0,
0,
0,
0,
0,
0,
0,
33,
0,
0,
68,
0,
0,
0,
88,
0,
12,
0,
9,
0,
0,
0,
0,
12,
0,
0,
0,
0,
0,
0,
29,
98,
6,
0,
0,
0,
26,
0,
0,
11,
0,
0,
35,
0,
0,
0,
0,
0,
0,
0,
16,
0,
0,
0,
0,
0,
0,
9,
7,
0,
0,
0,
34,
0,
0,
0,
0,
0,
0,
0,
2,
0,
47,
0,
7,
0,
0,
0,
0,
0,
9,
0,
0,
6,
0,
0,
0,
0,
0,
0,
0,
0,
0,
0,
0,
0,
0,
21,
0,
0,
0,
0,
0,
0,
0,
10,
0,
0,
39,
0,
0,
0,
4,
0,
0,
0,
17,
0,
0,
0,
0,
66,
0,
0,
47,
0,
0,
0,
0,
1,
0,
0,
0,
0,
31,
0,
0,
0,
10,
0,
0,
2,
20,
0,
0,
0,
0,
2,
0,
8,
0,
0,
0,
0,
0,
0,
0,
0,
1,
64,
2,
0,
0,
0,
17,
0,
0,
0,
0,
0,
0,
0,
3,
0,
0,
0,
0,
0,
0,
0,
5,
0,
0,
28,
10,
6,
0,
0,
0,
40,
0,
0,
54,
23,
73,
0,
17,
0,
83,
0,
0,
75,
0,
0,
37,
2,
0,
0,
0,
0,
0,
0,
0,
0,
0,
23,
0,
0,
0,
0,
0,
62,
0,
6,
0,
0,
0,
0,
0,
3,
0,
47,
0,
24,
0,
51,
0,
89,
0,
0,
22,
0,
0,
0,
0,
16,
0,
0,
33,
0,
0,
33,
4,
0,
0,
0,
35,
0,
24,
0,
0,
0,
0,
0,
0,
54,
10,
0,
30,
0,
0,
0,
0,
0,
0,
0,
0,
0,
0,
0,
0,
8,
19,
0,
0,
0,
2,
0,
0,
37,
0,
0,
0,
0,
0,
0,
0,
0,
0,
21,
0,
0,
0,
0,
0,
9,
49,
0,
0,
0,
37,
0,
0,
0,
0,
6,
0,
0,
0,
0,
0,
0,
0,
0,
0,
0,
29,
0,
0,
0,
0,
0,
45,
50,
0,
0,
0,
0,
0,
0,
0,
36,
14,
15,
0,
43,
0,
0,
0,
52,
45,
11,
9,
0,
0,
0,
0,
0,
0,
68,
0,
0,
0,
43,
0,
0,
40,
0,
16,
1,
21,
0,
37,
21,
0,
0,
0,
0,
0,
0,
6,
0,
0,
49,
0,
136,
5,
0,
0,
0,
0,
47,
0,
0,
0,
0,
0,
7,
0,
0,
0,
0,
0,
40,
1,
0,
0,
12,
4,
0,
0,
0,
0,
0,
2,
130,
0,
0,
0,
0,
21,
0,
0,
0,
10,
17,
62,
0,
5,
0,
0,
15,
0,
71,
3,
0,
0,
0,
62,
0,
0,
0,
0,
0,
0,
0,
0,
0,
0,
0,
0,
0,
18,
0,
0,
0,
0,
0,
48,
0,
0,
0,
0,
0,
83,
0,
0,
0,
0,
63,
0,
31,
0,
0,
0,
0,
36,
36,
12,
0,
36,
0,
0,
3,
0,
0,
0,
0,
0,
0,
0,
0,
0,
0,
0,
0,
37,
23,
0,
0,
0,
9,
0,
0,
0,
48,
0,
2,
0,
0,
0,
0,
16,
39,
0,
0,
0,
0,
0,
31,
75,
0,
24,
0,
3,
7,
12,
0,
0,
0,
43,
0,
0,
0,
0,
19,
0,
0,
0,
56,
0,
0,
8,
0,
0,
0,
0,
0,
43,
0,
15,
7,
0,
0,
0,
0,
0,
0,
0,
0,
0,
19,
0,
0,
0,
62,
0,
0,
0,
0,
0,
0,
0,
6,
9,
0,
0,
0,
0,
0,
48,
0,
0,
0,
0,
0,
25,
0,
5,
0,
0,
0,
141,
0,
0,
0,
0,
98,
0,
65,
0,
0,
0,
0,
58,
0,
0,
0,
0,
19,
109,
0,
0,
0,
0,
0,
0,
39,
0,
0,
31,
17,
0,
0,
3,
0,
37,
0,
0,
0,
0,
0,
0,
12,
0,
0,
0,
0,
0,
0,
6,
0,
0,
0,
0,
0,
0,
19,
0,
0,
104,
2,
11,
3,
0,
0,
43,
0,
9,
19,
0,
6,
0,
0,
0,
0,
0,
50,
41,
0,
0,
84,
1,
0,
0,
0,
25,
0,
0,
16,
0,
0,
0,
0,
0,
0,
45,
0,
0,
0,
0,
0,
0,
66,
0,
11,
0,
6,
0,
0,
0,
0,
0,
0,
0,
0,
10,
0,
0,
0,
31,
0,
0,
0,
14,
0,
0,
0,
5,
0,
78,
0,
0,
0,
0,
45,
0,
11,
0,
0,
0,
0,
19,
0,
0,
0,
0,
34,
96,
1,
0,
0,
0,
0,
0,
63,
0,
0,
44,
0,
0,
0,
21,
14,
0,
0,
0,
0,
0,
21,
0,
10,
0,
0,
27,
0,
0,
0,
0,
0,
0,
0,
0,
0,
0,
0,
24,
0,
0,
0,
45,
40,
0,
0,
0,
0,
0,
17,
6,
36,
0,
0,
0,
0,
0,
27,
0,
0,
0,
0,
0,
24,
0,
0,
37,
0,
3,
3,
0,
0,
0,
0,
0,
0,
76,
0,
0,
0,
0,
0,
0,
62,
0,
0,
0,
0,
0,
0,
0,
0,
0,
0,
0,
0,
26,
0,
0,
0,
0,
0,
12,
0,
5,
11,
12,
11,
21,
0,
9,
0,
0,
0,
7,
64,
0,
0,
0,
15,
0,
0,
0,
0,
0,
0,
0,
57,
64,
0,
0,
0,
0,
38,
0,
0,
0,
0,
0,
0,
0,
0,
19,
0,
0,
0,
0,
42,
0,
37,
0,
17,
0,
0,
0,
0,
0,
0,
0,
0,
0,
0,
0,
0,
0,
0,
0,
0,
33,
0,
6,
0,
27,
0,
0,
0,
28,
24,
0,
0,
0,
0,
0,
0,
0,
28,
0,
0,
0,
10,
0,
4,
0,
0,
0,
0,
0,
0,
0,
0,
0,
0,
0,
0,
30,
0,
0,
27,
0,
0,
0,
18,
0,
0,
0,
0,
9,
0,
0,
0,
0,
0,
0,
3,
0,
17,
8,
0,
29,
0,
17,
0,
0,
0,
0,
0,
0,
0,
0,
0,
0,
0,
0,
0,
0,
0,
0,
16,
0,
0,
11,
0,
0,
0,
0,
13,
0,
0,
7,
7,
0,
0,
8,
0,
2,
0,
61,
0,
0,
0,
0,
9,
17,
0,
1,
0,
0,
0,
70,
11,
0,
0,
24,
0,
0,
4,
0,
23,
0,
0,
0,
0,
0,
0,
0,
26,
0,
0,
0,
45,
18,
32,
2,
0,
0,
0,
0,
18,
0,
0,
0,
0,
0,
0,
12,
0,
0,
45,
0,
0,
0,
0,
24,
0,
7,
0,
0,
0,
0,
0,
23,
0,
0,
0,
7,
0,
0,
0,
0,
0,
0,
17,
21,
0,
38,
0,
41,
5,
0,
0,
0,
6,
39,
0,
14,
0,
41,
0,
0,
12,
26,
0,
11,
5,
0,
0,
45,
0,
0,
0,
16,
0,
0,
15,
0,
0,
0,
0,
54,
0,
0,
26,
94,
0,
0,
0,
0,
0,
0,
56,
23,
0,
0,
58,
0,
0,
0,
0,
0,
0,
0,
0,
0,
11,
0,
0,
0,
0,
0,
67,
0,
0,
0,
0,
31,
0,
14,
0,
29,
0,
0,
57,
0,
121,
0,
0,
0,
0,
47,
0,
5,
0,
0,
0,
0,
0,
0,
0,
0,
8,
46,
0,
0,
0,
0,
0,
2,
100,
0,
0,
5,
0,
22,
0,
0,
0,
0,
0,
0,
0,
0,
0,
0,
0,
0,
0,
11,
0,
0,
0,
0,
0,
10,
63,
30,
0,
0,
0,
0,
0,
0,
28,
68,
0,
16,
1,
44,
0,
6,
0,
34,
0,
0,
0,
61,
0,
0,
24,
20,
0,
0,
0,
0,
0,
0,
0,
0,
46,
12,
0,
101,
0,
0,
12,
22,
0,
0,
0,
0,
0,
0,
0,
0,
0,
0,
0,
0,
16,
0,
18,
18,
0,
0,
0,
0,
18,
0,
25,
0,
0,
0,
0,
85,
65,
0,
0,
9,
0,
6,
44,
0,
0,
76,
0,
0,
0,
46,
0,
19,
0,
16,
31,
0,
0,
0,
14,
0,
0,
56,
47,
0,
0,
24,
0,
25,
51,
51,
0,
0,
0,
24,
0,
0,
0,
0,
0,
14,
0,
11,
0,
0,
71,
0,
0,
0,
26,
0,
18,
0,
0,
0,
0,
0,
0,
0,
0,
0,
27,
0,
0,
51,
0,
0,
47,
30,
0,
0,
0,
8,
0,
12,
0,
58,
0,
0,
48,
2,
0,
0,
0,
0,
0,
0,
0,
0,
30,
0,
0,
0,
0,
0,
0,
14,
51,
0,
48,
33,
0,
0,
0,
18,
0,
0,
0,
68,
12,
0,
0,
0,
0,
0,
0,
0,
0,
0,
4,
0,
0,
0,
0,
15,
51,
0,
0,
0,
0,
3,
0,
0,
1,
37,
0,
0,
0,
0,
14,
0,
0,
10,
0,
0,
0,
0,
0,
0,
0,
7,
24,
0,
0,
0,
0,
7,
28,
18,
0,
0,
0,
0,
0,
0,
0,
0,
0,
0,
0,
0,
0,
0,
0,
6,
0,
41,
14,
0,
0,
0,
0,
0,
0,
53,
0,
0,
0,
0,
0,
13,
7,
0,
0,
0,
0,
13,
0,
8,
0,
0,
35,
0,
0,
18,
0,
0,
40,
20,
0,
0,
0,
0,
0,
0,
0,
6,
5,
0,
0,
16,
0,
0,
0,
0,
12,
0,
16,
0,
18,
0,
0,
12,
0,
0,
0,
0,
0,
0,
0,
0,
0,
0,
6,
0,
20,
0,
0,
0,
0,
0,
0,
2,
0,
0,
0,
0,
0,
1,
4,
29,
2,
21,
0,
0,
30,
0,
0,
0,
0,
36,
10,
0,
0,
0,
0,
0,
0,
2,
0,
0,
0,
0,
0,
0,
47,
0,
0,
3,
0,
0,
0,
0,
0,
9,
0,
0,
0,
0,
0,
18,
9,
0,
0,
4,
0,
0,
23,
0,
0,
0,
0,
25,
0,
0,
0,
0,
0,
0,
32,
6,
0,
0,
4,
17,
0,
0,
0,
0,
20,
8,
0,
15,
0,
0,
42,
4,
0,
0,
0,
0,
0,
0,
0,
0,
0,
0,
0,
9,
0,
0,
0,
0,
30,
0,
54,
12,
9,
0,
0,
0,
0,
0,
0,
19,
0,
0,
0,
0,
24,
0,
8,
13,
20,
0,
0,
0,
0,
0,
41,
0,
0,
0,
0,
0,
0,
0,
0,
5,
0,
17,
0,
0,
0,
0,
0,
0,
0,
8,
0,
0,
0,
0,
0,
0,
2,
2,
0,
0,
0,
0,
0,
0,
36,
0,
0,
35,
0,
0,
0,
0,
0,
5,
0,
0,
0,
11,
0,
6,
0,
0,
0,
36,
0,
0,
0,
0,
0,
0,
0,
27,
0,
21,
0,
13,
4,
1,
48,
10,
0,
0,
7,
0,
0,
0,
0,
0,
0,
0,
0,
0,
0,
0,
0,
12,
0,
0,
12,
0,
6,
0,
0,
21,
0,
0,
0,
46,
0,
0,
0,
32,
36,
0,
71,
0,
8,
0,
12,
0,
0,
0,
0,
0,
0,
0,
3,
0,
18,
0,
15,
27,
10,
0,
13,
0,
0,
0,
69,
23,
0,
0,
0,
0,
0,
0,
0,
0,
0,
5,
0,
25,
0,
13,
0,
0,
0,
0,
0,
0,
0,
0,
0,
0,
0,
3,
0,
0,
0,
0,
0,
0,
44,
0,
0,
49,
0,
3,
25,
0,
0,
0,
0,
0,
0,
0,
0,
6,
0,
11,
0,
19,
0,
2,
0,
0,
0,
0,
14,
0,
0,
4,
0,
0,
0,
0,
7,
25,
0,
0,
0,
30,
0,
0,
0,
0,
0,
0,
0,
22,
0,
0,
27,
5,
27,
0,
0,
15,
0,
0,
0,
0,
0,
0,
0,
53,
0,
18,
0,
0,
60,
0,
0,
0,
46,
0,
0,
47,
0,
0,
0,
59,
0,
32,
0,
0,
56,
0,
11,
0,
35,
0,
0,
26,
0,
0,
0,
0,
0,
0,
0,
4,
0,
0,
0,
0,
6,
53,
0,
0,
10,
4,
0,
0,
0,
1,
0,
0,
8,
0,
0,
0,
0,
0,
14,
3,
0,
0,
0,
0,
24,
0,
0,
45,
0,
4,
0,
0,
0,
0,
0,
0,
0,
9,
0,
0,
0,
0,
0,
34,
0,
0,
5,
0,
0,
26,
0,
22,
