# _QL_REPLACED__INTEGERIZE_PACT_LIN_PASS_0 (shape [1000]),
70819,
15460,
10942,
15177,
18237,
10756,
17450,
7277,
11234,
-3892,
-2180,
13859,
-3185,
-3079,
1936,
10950,
-562,
3634,
419,
1725,
6420,
6493,
10156,
9985,
2539,
10729,
19085,
16722,
10208,
12508,
26831,
13765,
20159,
18375,
17497,
14841,
20849,
10124,
9627,
23021,
15483,
8543,
14455,
13542,
13261,
8486,
13770,
9561,
18137,
22814,
22359,
11879,
2261,
-287,
2409,
7982,
-1787,
8438,
13679,
8213,
9635,
8549,
16259,
9333,
4749,
6214,
-1138,
9075,
-1150,
-5802,
-10450,
7422,
-11024,
-12470,
-9196,
-16562,
-5571,
-10580,
-420,
3579,
4007,
-3262,
13494,
5474,
9290,
9149,
12652,
9939,
19458,
11326,
17837,
4202,
4842,
22090,
-65,
6007,
11576,
2717,
-4632,
6330,
-434,
1115,
14021,
27932,
2726,
2117,
10249,
4171,
-2717,
5608,
130,
-10214,
10242,
6330,
15253,
-2572,
9635,
-5221,
24891,
24954,
8899,
18247,
18600,
8704,
17697,
1392,
4202,
1672,
4412,
430,
-11025,
1939,
-2226,
4896,
3935,
743,
4516,
-5798,
6449,
-11075,
-8173,
-65,
-9842,
-7460,
707,
10078,
-1124,
763,
-1092,
4920,
9476,
6157,
-13152,
-3154,
-9813,
-9976,
-11935,
-4427,
-2199,
7248,
-2033,
4367,
7765,
6704,
122,
5827,
6915,
3440,
8789,
3202,
461,
5323,
9887,
6196,
2671,
-8967,
2025,
5144,
9711,
13246,
11091,
-5631,
-4473,
-4250,
-3920,
-4918,
-65,
-6548,
-5550,
-838,
-8948,
-1934,
-3595,
-6164,
-5179,
4407,
-6442,
-277,
-4974,
-1852,
-12588,
-7072,
-3180,
1366,
-8896,
8424,
7031,
2447,
9956,
11558,
4615,
14036,
5119,
-438,
4008,
236,
4523,
-2168,
4543,
-7685,
3354,
747,
3436,
9770,
11226,
10187,
-5443,
6997,
-9358,
-3258,
2102,
2713,
-2032,
2878,
9367,
10730,
10000,
6724,
2190,
4382,
6684,
4870,
1496,
5188,
-3320,
-1155,
1288,
781,
2392,
5830,
4868,
-1173,
-6093,
7125,
-6045,
3284,
-108,
1539,
-280,
5202,
-2360,
2449,
2725,
12506,
-1176,
153,
-2619,
-46,
-792,
8447,
4297,
2193,
5075,
16291,
3262,
-1763,
4884,
5150,
831,
-481,
10142,
-2537,
6092,
-6278,
-11637,
3436,
12767,
-3544,
15137,
3076,
8074,
11401,
6058,
7360,
3578,
14320,
4555,
6903,
10343,
-31,
-6215,
-11093,
-438,
-4771,
-4225,
-213,
8546,
-8272,
-5532,
-8122,
-11741,
644,
-378,
-4051,
7085,
520,
-5081,
2915,
-6955,
-8168,
-9868,
-5062,
-3797,
-5259,
-3804,
1774,
-4310,
5779,
2448,
12467,
7068,
7244,
834,
-9849,
2157,
4486,
-2435,
7203,
-5171,
-10875,
-314,
2978,
11461,
5066,
15220,
2378,
4131,
-1163,
1549,
549,
8979,
1997,
7087,
3803,
-15285,
-2625,
5235,
652,
9249,
2694,
5747,
8661,
4634,
9391,
-926,
-4945,
2192,
7637,
-6682,
1192,
8068,
7771,
7783,
4826,
-1312,
-2783,
253,
2784,
7481,
4455,
5923,
13008,
25338,
-1705,
2599,
2588,
-8071,
2420,
-4853,
48828,
32775,
44990,
7574,
-1514,
29037,
28023,
-3710,
22361,
-8879,
4327,
1129,
3105,
-4061,
-18698,
-23870,
-7663,
-11881,
-9706,
185,
-18785,
15886,
5861,
2944,
6688,
-4886,
-7692,
-2568,
-1703,
-5740,
-1263,
5705,
-6885,
-7919,
-7855,
-10593,
-11989,
-2322,
4498,
12290,
-1225,
-7376,
-6240,
-8855,
-9246,
-3600,
3933,
-7807,
-11184,
-4731,
-309,
7324,
9832,
-5471,
-4252,
-782,
-6702,
-14532,
-2788,
3629,
325,
4695,
-3730,
962,
-8739,
-8990,
949,
2792,
2628,
2247,
-12663,
-1990,
5015,
1950,
8834,
-9007,
1660,
-12441,
-4299,
-4815,
15167,
-10865,
-1944,
8187,
-2074,
4954,
-7494,
-2367,
-6430,
-4269,
-9124,
-5870,
-15826,
-10020,
-1185,
-10631,
-8668,
499,
-3860,
-896,
-2709,
2938,
9647,
-3506,
-12832,
5099,
-10758,
-2499,
-10014,
-14854,
4776,
-2428,
9710,
4113,
8456,
-183,
-4811,
-16195,
-6049,
-10248,
-8410,
-19024,
-6013,
-5507,
2627,
1302,
7271,
-7071,
-13422,
284,
-6220,
-14373,
3163,
1235,
1112,
5496,
1184,
-11245,
-12128,
-9407,
2519,
-11688,
-12121,
-6582,
-13273,
-6035,
-10707,
-12259,
-2150,
-8939,
54,
-4267,
7913,
6736,
-9848,
8951,
-10508,
-12888,
-13880,
-6246,
-4719,
-9985,
-18394,
5313,
-9890,
-15445,
-8664,
-6549,
-1790,
1508,
-879,
-5935,
-3862,
1792,
-6886,
-16405,
-23199,
10706,
4162,
7581,
-6056,
-3467,
597,
7243,
-3907,
-7904,
2557,
-9891,
13490,
-3123,
-6420,
2616,
-6115,
-4261,
-4952,
-2436,
-4458,
-13190,
11228,
-2262,
-2459,
-6990,
-1593,
-16732,
-4387,
2641,
-6191,
6415,
446,
-8268,
1545,
-4011,
301,
-3262,
-7599,
-2644,
-15714,
-491,
4471,
-1812,
-4473,
2958,
-2531,
-2188,
-13442,
6300,
-10949,
-5579,
-3628,
5313,
-7529,
-1803,
-939,
-3079,
-4561,
-6076,
-13447,
-7164,
-12472,
-11954,
-15286,
-3301,
-3206,
-14073,
-9566,
-2784,
-7531,
-3303,
946,
-1614,
-8093,
-10873,
1462,
-5755,
6201,
-11729,
-6866,
-1906,
-2196,
-15529,
13996,
-6471,
4739,
8955,
2561,
-6641,
-214,
-3666,
-11686,
597,
-2569,
-3787,
-2634,
-15615,
-10563,
-7592,
-1522,
1579,
3406,
-18167,
1120,
-3344,
1675,
3998,
-9450,
-1691,
-9757,
-3283,
-4865,
-1995,
-4590,
1086,
1715,
-4838,
-5026,
-2343,
-13170,
-7225,
-10277,
-14365,
-2415,
-3775,
-9495,
293,
3091,
-11493,
-930,
-2077,
-7272,
-7434,
-1864,
254,
-5403,
-880,
-1003,
-7941,
-11081,
-1708,
-5473,
552,
-10819,
-13552,
-120,
-3419,
-4966,
-2498,
-1051,
990,
-9759,
-8369,
12208,
-1332,
-2535,
1000,
-290,
-13373,
6668,
-9216,
-13623,
877,
-16601,
-2853,
1776,
-16255,
-7691,
-16018,
10690,
-12733,
2485,
-460,
2955,
-1475,
-2796,
-553,
-5671,
-2512,
-11048,
-20210,
-380,
-3000,
3268,
-8442,
-5875,
-6560,
-3735,
-12949,
-2529,
826,
-9300,
18974,
-15898,
-3566,
-1207,
-4567,
9847,
11325,
-6383,
5047,
-15346,
2060,
-8264,
-5814,
-3173,
-4238,
-6018,
-7069,
4874,
8249,
568,
5353,
-7691,
-9952,
-11839,
-5039,
-10979,
2662,
-6338,
-13341,
6300,
-10545,
-7202,
-3657,
-3654,
6593,
8066,
-2033,
-9731,
1657,
5971,
-10246,
-3977,
-6475,
-3003,
884,
-1957,
-3700,
1343,
-14536,
661,
7498,
95,
-15258,
-1594,
-19517,
6084,
-6594,
-2406,
-3266,
-12370,
-9418,
-1112,
-16361,
-8480,
3884,
-9641,
6495,
13473,
-6397,
6467,
-462,
-10631,
-4672,
-6785,
77,
-9407,
9976,
478,
-1355,
-107,
-705,
1226,
-10566,
9167,
-3507,
4408,
-17300,
-5741,
-8059,
-10030,
-16465,
212,
10139,
210,
72,
-6082,
-6889,
-11126,
-9694,
1738,
-13319,
2881,
-7736,
5507,
-7642,
-1428,
-14947,
-8620,
1234,
-15489,
5127,
-793,
1769,
-13117,
-7620,
-12316,
-14461,
2844,
7043,
-4758,
-15729,
2158,
-2401,
-5246,
-7811,
2525,
-11016,
8494,
-4824,
4997,
-2709,
5325,
-14580,
3083,
-16295,
-5151,
-15234,
-13042,
-4259,
-6213,
5519,
10879,
-12807,
2084,
-332,
10850,
-833,
-7434,
-6668,
9230,
-15313,
4451,
8310,
2158,
2817,
-2198,
-14647,
-7356,
-4746,
-2963,
-837,
-11006,
-19883,
-3356,
-10917,
2547,
8565,
1873,
7299,
890,
-5811,
6220,
3444,
8111,
11063,
2253,
16849,
-212,
10332,
-5338,
4089,
15060,
19155,
13449,
9392,
7800,
5821,
5167,
-3149,
8075,
8773,
-6581,
4485,
15301,
-1247,
12390,
15263,
23246,
4068,
6989,
-1332,
-1336,
-4665,
2708,
-1970,
-1224,
-1961,
10094,
3412,
-7841,
-2040,
-3228,
-1212,
1454,
3517,
7419,
2887,
8918,
-5157,
-1550,
-5327,
5902,
-914,
-5013,
-2718,
4399,
1998,
-1489,
18037,
15082,
971,
-8915,
3621,
-6814,
1111,
229,
5452,
-6041,
8210,
28892,
18208,
-8126,
