# features._QL_REPLACED_REMOVE_REDUNDANT_POOLING_0 (shape [1, 1, 768]),
8,
2,
4,
11,
10,
6,
59,
4,
14,
6,
19,
2,
22,
13,
11,
26,
38,
12,
17,
0,
5,
14,
1,
0,
22,
12,
7,
8,
13,
11,
12,
14,
0,
21,
0,
32,
19,
20,
1,
5,
10,
11,
0,
8,
14,
27,
21,
1,
9,
1,
4,
1,
1,
0,
1,
5,
10,
8,
6,
9,
5,
0,
15,
5,
10,
9,
0,
6,
7,
8,
35,
12,
8,
23,
0,
19,
11,
6,
9,
11,
9,
15,
13,
8,
17,
1,
4,
2,
10,
7,
1,
0,
10,
0,
17,
6,
11,
5,
2,
15,
1,
6,
7,
21,
0,
5,
9,
20,
4,
9,
8,
5,
9,
5,
0,
16,
15,
4,
13,
13,
5,
14,
22,
28,
1,
13,
12,
5,
0,
17,
31,
33,
0,
2,
9,
7,
3,
16,
61,
6,
2,
20,
6,
3,
1,
11,
10,
0,
5,
2,
18,
16,
1,
3,
39,
0,
12,
30,
1,
2,
11,
1,
12,
3,
1,
8,
15,
15,
4,
20,
34,
2,
27,
0,
0,
0,
0,
29,
19,
17,
50,
4,
12,
49,
5,
20,
9,
9,
0,
8,
24,
2,
13,
24,
24,
5,
11,
37,
0,
1,
27,
9,
34,
21,
18,
15,
0,
5,
0,
0,
18,
5,
12,
6,
4,
11,
9,
2,
34,
5,
11,
21,
27,
0,
3,
9,
24,
26,
3,
9,
30,
15,
1,
16,
3,
0,
0,
18,
5,
4,
6,
9,
0,
1,
2,
33,
13,
1,
17,
46,
5,
26,
0,
14,
13,
49,
3,
15,
6,
2,
8,
19,
1,
2,
19,
26,
15,
5,
0,
0,
0,
12,
31,
23,
3,
21,
22,
22,
14,
15,
14,
32,
4,
3,
2,
27,
6,
4,
10,
9,
0,
27,
13,
26,
27,
1,
3,
9,
18,
24,
0,
1,
0,
15,
12,
9,
2,
30,
13,
0,
11,
8,
17,
13,
14,
0,
0,
9,
16,
12,
15,
13,
0,
6,
7,
9,
10,
10,
30,
6,
3,
7,
2,
4,
16,
4,
25,
4,
11,
7,
1,
7,
4,
16,
12,
13,
1,
0,
7,
1,
13,
9,
6,
2,
10,
48,
56,
0,
20,
14,
21,
26,
5,
25,
20,
11,
1,
0,
23,
7,
13,
8,
9,
5,
3,
8,
15,
7,
32,
6,
58,
10,
8,
0,
27,
19,
1,
6,
0,
0,
7,
3,
20,
6,
7,
12,
12,
4,
6,
10,
1,
5,
4,
11,
0,
0,
0,
4,
4,
7,
1,
2,
31,
1,
6,
14,
7,
3,
11,
1,
8,
8,
13,
12,
12,
1,
5,
7,
16,
16,
4,
9,
4,
3,
0,
4,
0,
30,
3,
2,
0,
1,
31,
0,
11,
14,
21,
32,
27,
9,
2,
1,
4,
19,
21,
4,
3,
15,
2,
9,
49,
6,
1,
1,
11,
10,
0,
3,
22,
11,
12,
4,
3,
5,
0,
7,
5,
7,
9,
17,
54,
4,
18,
0,
4,
11,
0,
15,
4,
14,
6,
58,
4,
24,
33,
28,
0,
2,
1,
15,
12,
1,
14,
21,
15,
6,
5,
25,
6,
13,
13,
6,
11,
13,
2,
4,
0,
15,
3,
7,
1,
1,
25,
9,
1,
24,
19,
1,
17,
5,
12,
23,
7,
7,
5,
1,
6,
1,
3,
0,
10,
9,
6,
4,
25,
18,
6,
4,
2,
11,
5,
22,
24,
2,
8,
14,
28,
7,
6,
0,
1,
3,
14,
5,
29,
3,
16,
5,
5,
2,
0,
13,
18,
6,
39,
2,
0,
0,
11,
1,
19,
1,
10,
2,
6,
22,
17,
12,
72,
20,
1,
0,
4,
0,
2,
1,
32,
4,
14,
8,
14,
0,
17,
8,
6,
15,
15,
7,
4,
11,
1,
7,
5,
7,
0,
0,
3,
7,
2,
3,
0,
13,
0,
3,
14,
10,
31,
2,
1,
19,
7,
0,
21,
68,
2,
6,
4,
31,
15,
1,
9,
3,
41,
16,
1,
24,
59,
3,
3,
0,
36,
5,
46,
6,
31,
1,
0,
7,
18,
16,
2,
7,
44,
13,
21,
47,
21,
2,
5,
11,
6,
5,
20,
1,
0,
26,
2,
3,
0,
12,
32,
25,
5,
5,
4,
9,
1,
1,
2,
17,
10,
0,
3,
0,
2,
0,
12,
6,
1,
16,
18,
43,
35,
16,
8,
8,
3,
2,
1,
31,
5,
4,
8,
10,
9,
2,
2,
9,
3,
9,
0,
1,
13,
7,
13,
25,
18,
3,
5,
14,
6,
2,
29,
0,
9,
6,
62,
16,
8,
35,
2,
3,
5,
1,
10,
12,
6,
10,
2,
17,
12,
5,
2,
37,
33,
0,
57,
14,
2,
1,
0,
14,
0,
12,
3,
17,
10,
0,
