# output (shape [1, 1000]),
318,
52,
80,
75,
96,
44,
124,
-37,
-14,
-36,
-26,
70,
20,
11,
20,
-34,
10,
40,
0,
36,
-17,
-38,
4,
57,
-17,
13,
94,
28,
100,
3,
123,
32,
67,
10,
66,
70,
118,
54,
57,
86,
51,
48,
29,
61,
65,
28,
39,
35,
62,
74,
163,
110,
0,
25,
-18,
61,
6,
10,
124,
42,
32,
58,
69,
3,
30,
46,
-48,
37,
-16,
-63,
-77,
5,
-31,
-57,
-16,
-56,
-45,
-62,
-56,
21,
-50,
-94,
56,
-34,
9,
16,
31,
52,
87,
37,
61,
-40,
25,
51,
34,
-4,
-13,
-22,
-56,
35,
-18,
-69,
49,
192,
41,
4,
32,
-10,
-19,
-1,
-52,
-80,
6,
16,
60,
0,
10,
-34,
99,
42,
0,
15,
91,
57,
83,
-46,
-80,
-52,
-39,
-2,
-24,
-76,
-16,
3,
-27,
-25,
-12,
-24,
33,
-97,
-105,
-79,
-124,
-110,
-48,
5,
-82,
-75,
0,
-11,
15,
46,
-102,
-5,
-33,
-23,
-60,
-1,
-32,
-12,
-48,
-16,
-3,
-19,
-72,
-31,
-12,
-70,
-26,
-64,
-51,
0,
-16,
-9,
19,
-112,
-71,
-44,
7,
43,
42,
-64,
-79,
-61,
-39,
-47,
-24,
-54,
-76,
-74,
-112,
-55,
-5,
-13,
-54,
31,
-43,
-10,
-52,
-1,
-101,
-102,
-62,
16,
-49,
6,
-7,
-25,
37,
18,
-73,
22,
-60,
-72,
-30,
-47,
-54,
-33,
-43,
-83,
-36,
-34,
-17,
49,
34,
51,
-50,
8,
-64,
-17,
12,
-20,
-44,
-18,
66,
40,
26,
43,
7,
47,
14,
5,
7,
-3,
-58,
-12,
-69,
-25,
-12,
50,
4,
-30,
-61,
30,
-31,
-51,
-23,
21,
-20,
23,
-38,
15,
-35,
96,
-1,
15,
-40,
-49,
-17,
-6,
-28,
-17,
-25,
31,
-15,
-54,
-47,
9,
-36,
-36,
25,
-4,
44,
-22,
17,
33,
36,
-28,
25,
-17,
-2,
-6,
12,
-4,
-81,
30,
-59,
-14,
-20,
1,
-49,
-86,
-36,
-57,
-63,
-42,
30,
-128,
22,
-39,
-88,
-52,
-84,
23,
-7,
-8,
-46,
-85,
-67,
46,
-15,
12,
-43,
4,
6,
9,
-24,
43,
8,
12,
-3,
-21,
16,
-40,
-29,
-33,
-88,
21,
-58,
-80,
-9,
-25,
5,
6,
40,
-65,
5,
-62,
-75,
-88,
-72,
-26,
11,
5,
-137,
-64,
69,
-16,
68,
40,
10,
53,
36,
27,
7,
-46,
-34,
34,
-56,
-16,
23,
-4,
-25,
41,
-32,
-34,
-54,
0,
83,
-15,
-1,
55,
129,
-3,
-36,
-31,
-92,
-22,
-40,
229,
114,
207,
-47,
-60,
144,
158,
39,
104,
-30,
74,
80,
66,
0,
-157,
-173,
-1,
-30,
-104,
-35,
-52,
36,
17,
50,
58,
-85,
-50,
54,
65,
-24,
74,
137,
-39,
-41,
-38,
-65,
-135,
-10,
36,
7,
11,
-18,
-48,
6,
104,
-18,
80,
-63,
-81,
-15,
47,
31,
85,
-22,
6,
28,
75,
-22,
-44,
102,
3,
39,
15,
16,
-33,
-45,
37,
46,
72,
-10,
-12,
-63,
96,
2,
94,
-34,
8,
-59,
-59,
-33,
39,
17,
-47,
53,
50,
68,
22,
3,
-74,
-18,
-70,
-31,
-20,
-59,
-27,
-54,
-27,
35,
-24,
38,
-62,
92,
103,
13,
-84,
38,
14,
26,
-93,
-60,
63,
5,
65,
-2,
114,
30,
12,
-24,
-15,
-65,
-4,
-117,
-6,
11,
78,
12,
78,
-55,
-83,
70,
-59,
-74,
44,
62,
32,
100,
-8,
-1,
-55,
-27,
26,
-13,
-66,
29,
-68,
41,
-91,
-54,
-86,
-56,
8,
-21,
75,
94,
-24,
-4,
10,
-28,
-133,
-29,
13,
-76,
-49,
130,
21,
-68,
-49,
-59,
-26,
44,
-14,
46,
-49,
49,
-100,
-87,
-171,
95,
48,
62,
-94,
-7,
-21,
103,
-17,
11,
48,
29,
78,
8,
22,
32,
-4,
-59,
33,
72,
41,
-86,
85,
24,
53,
-43,
-24,
-9,
-43,
28,
-90,
51,
-8,
-57,
-80,
22,
28,
-2,
-71,
18,
-8,
12,
25,
-7,
-67,
79,
63,
-16,
-33,
80,
-23,
-52,
49,
77,
30,
11,
39,
-48,
-23,
-58,
-134,
29,
-26,
-99,
-46,
-40,
35,
-74,
-15,
-80,
-11,
-31,
13,
67,
42,
-64,
83,
-3,
95,
-67,
5,
65,
4,
-11,
38,
14,
36,
132,
51,
-125,
46,
-33,
-56,
-19,
2,
-23,
-30,
-34,
-89,
-32,
-42,
-43,
133,
-95,
13,
-11,
32,
-4,
-37,
-20,
-111,
-42,
-3,
57,
49,
-9,
21,
3,
30,
-15,
-96,
-56,
-105,
-100,
8,
-100,
-62,
-28,
42,
-49,
0,
39,
59,
-58,
-27,
14,
-4,
0,
9,
-30,
-101,
44,
-109,
34,
-80,
-10,
84,
32,
-27,
-7,
59,
76,
-68,
-54,
121,
21,
-61,
65,
50,
-53,
92,
-139,
-79,
-4,
-83,
-18,
80,
-137,
42,
-104,
95,
-14,
25,
41,
-10,
48,
-66,
-2,
-27,
-35,
-39,
-117,
24,
-30,
4,
-57,
-47,
5,
-28,
-50,
25,
71,
-94,
77,
-129,
-33,
39,
2,
83,
31,
-46,
-33,
-61,
58,
20,
-37,
-1,
59,
61,
28,
76,
53,
31,
16,
-103,
-67,
-44,
-31,
-19,
15,
-18,
-2,
88,
-77,
-18,
-39,
-8,
73,
116,
62,
-10,
54,
2,
-53,
23,
3,
95,
2,
-103,
84,
55,
-73,
-10,
84,
-26,
-91,
-45,
-103,
145,
-65,
-16,
-3,
-68,
18,
-7,
-96,
-79,
74,
-28,
56,
-20,
-18,
42,
80,
-87,
-107,
-69,
-1,
-57,
92,
6,
53,
68,
66,
3,
-31,
73,
64,
91,
-82,
16,
54,
-61,
-80,
65,
42,
-3,
14,
-70,
-15,
-46,
-132,
-23,
-85,
44,
-16,
88,
25,
86,
-123,
-65,
-26,
-169,
70,
23,
40,
-75,
-81,
-31,
-130,
91,
118,
26,
-100,
66,
62,
-45,
-18,
105,
-54,
4,
-36,
43,
4,
84,
-38,
18,
-10,
-53,
-116,
-62,
24,
-17,
61,
96,
-46,
28,
-4,
128,
64,
21,
-29,
79,
-78,
66,
55,
14,
-41,
10,
-99,
-73,
-38,
35,
-30,
-55,
-121,
51,
-29,
3,
30,
-2,
-5,
39,
-20,
64,
-90,
-44,
54,
-98,
-42,
-4,
16,
-13,
-16,
70,
-3,
7,
-22,
33,
34,
-19,
-39,
-1,
58,
-1,
-54,
21,
-65,
63,
23,
77,
-29,
13,
-1,
16,
14,
7,
-43,
-62,
-79,
45,
90,
-59,
11,
-22,
-32,
80,
-13,
20,
-26,
34,
-49,
-4,
-50,
-8,
-31,
25,
12,
41,
58,
-15,
-19,
28,
-55,
-78,
-73,
-55,
-14,
-84,
-48,
-53,
-21,
34,
68,
7,
