# layer3.relu1 (shape [2, 3, 128]),
0.000,
1.000,
0.000,
0.000,
2.000,
0.000,
0.000,
10.000,
0.000,
1.000,
0.000,
9.000,
13.000,
0.000,
1.000,
0.000,
0.000,
2.000,
0.000,
0.000,
2.000,
0.000,
4.000,
0.000,
0.000,
0.000,
0.000,
0.000,
0.000,
0.000,
0.000,
0.000,
0.000,
8.000,
0.000,
0.000,
7.000,
8.000,
0.000,
0.000,
11.000,
0.000,
8.000,
0.000,
0.000,
0.000,
0.000,
0.000,
0.000,
0.000,
0.000,
0.000,
0.000,
0.000,
5.000,
0.000,
7.000,
0.000,
0.000,
0.000,
0.000,
0.000,
0.000,
0.000,
0.000,
0.000,
0.000,
5.000,
0.000,
0.000,
0.000,
8.000,
1.000,
0.000,
6.000,
0.000,
6.000,
0.000,
1.000,
2.000,
0.000,
0.000,
0.000,
0.000,
0.000,
1.000,
0.000,
0.000,
0.000,
18.000,
0.000,
7.000,
0.000,
0.000,
0.000,
0.000,
0.000,
0.000,
0.000,
6.000,
0.000,
0.000,
0.000,
0.000,
0.000,
0.000,
0.000,
0.000,
1.000,
0.000,
0.000,
0.000,
0.000,
0.000,
0.000,
0.000,
0.000,
0.000,
0.000,
14.000,
0.000,
0.000,
0.000,
0.000,
6.000,
0.000,
6.000,
0.000,
0.000,
0.000,
0.000,
0.000,
4.000,
1.000,
8.000,
18.000,
0.000,
0.000,
0.000,
0.000,
0.000,
18.000,
0.000,
4.000,
0.000,
9.000,
0.000,
0.000,
0.000,
0.000,
3.000,
0.000,
0.000,
0.000,
0.000,
0.000,
0.000,
0.000,
2.000,
0.000,
0.000,
0.000,
0.000,
0.000,
8.000,
0.000,
0.000,
0.000,
0.000,
0.000,
0.000,
1.000,
0.000,
0.000,
15.000,
3.000,
0.000,
0.000,
0.000,
6.000,
0.000,
0.000,
0.000,
0.000,
5.000,
0.000,
0.000,
0.000,
0.000,
0.000,
0.000,
4.000,
0.000,
0.000,
3.000,
0.000,
0.000,
0.000,
3.000,
0.000,
0.000,
8.000,
21.000,
0.000,
0.000,
0.000,
0.000,
0.000,
0.000,
0.000,
0.000,
25.000,
0.000,
0.000,
7.000,
1.000,
0.000,
0.000,
7.000,
0.000,
0.000,
8.000,
0.000,
0.000,
0.000,
3.000,
0.000,
0.000,
0.000,
0.000,
1.000,
11.000,
0.000,
0.000,
0.000,
0.000,
0.000,
0.000,
0.000,
0.000,
1.000,
0.000,
0.000,
0.000,
0.000,
0.000,
0.000,
0.000,
0.000,
0.000,
0.000,
4.000,
5.000,
8.000,
0.000,
2.000,
2.000,
0.000,
0.000,
0.000,
1.000,
0.000,
0.000,
0.000,
0.000,
1.000,
0.000,
4.000,
4.000,
0.000,
0.000,
0.000,
0.000,
0.000,
5.000,
0.000,
0.000,
0.000,
0.000,
0.000,
0.000,
0.000,
0.000,
0.000,
0.000,
0.000,
0.000,
0.000,
3.000,
15.000,
4.000,
0.000,
0.000,
0.000,
0.000,
0.000,
8.000,
8.000,
0.000,
0.000,
0.000,
0.000,
3.000,
1.000,
3.000,
0.000,
0.000,
17.000,
1.000,
3.000,
3.000,
0.000,
0.000,
0.000,
0.000,
0.000,
0.000,
0.000,
1.000,
0.000,
0.000,
0.000,
0.000,
2.000,
0.000,
0.000,
1.000,
0.000,
0.000,
0.000,
0.000,
0.000,
0.000,
7.000,
0.000,
6.000,
6.000,
0.000,
0.000,
0.000,
6.000,
0.000,
0.000,
3.000,
0.000,
9.000,
0.000,
0.000,
0.000,
0.000,
0.000,
0.000,
0.000,
0.000,
0.000,
0.000,
0.000,
0.000,
0.000,
0.000,
5.000,
0.000,
0.000,
0.000,
0.000,
0.000,
0.000,
0.000,
0.000,
8.000,
0.000,
2.000,
0.000,
0.000,
1.000,
0.000,
1.000,
4.000,
0.000,
0.000,
0.000,
0.000,
2.000,
0.000,
0.000,
0.000,
1.000,
0.000,
0.000,
0.000,
4.000,
9.000,
0.000,
0.000,
0.000,
0.000,
0.000,
0.000,
1.000,
0.000,
0.000,
0.000,
12.000,
0.000,
0.000,
0.000,
0.000,
0.000,
0.000,
0.000,
16.000,
4.000,
0.000,
0.000,
2.000,
0.000,
0.000,
0.000,
4.000,
0.000,
0.000,
8.000,
0.000,
0.000,
12.000,
4.000,
0.000,
0.000,
0.000,
0.000,
0.000,
2.000,
6.000,
9.000,
0.000,
0.000,
0.000,
1.000,
0.000,
7.000,
0.000,
0.000,
2.000,
0.000,
11.000,
0.000,
14.000,
0.000,
0.000,
0.000,
0.000,
0.000,
0.000,
0.000,
0.000,
0.000,
10.000,
0.000,
0.000,
0.000,
0.000,
2.000,
3.000,
0.000,
0.000,
1.000,
0.000,
0.000,
0.000,
0.000,
0.000,
11.000,
0.000,
0.000,
5.000,
0.000,
12.000,
21.000,
2.000,
0.000,
0.000,
0.000,
0.000,
0.000,
0.000,
0.000,
0.000,
0.000,
0.000,
0.000,
10.000,
0.000,
0.000,
1.000,
0.000,
3.000,
0.000,
13.000,
0.000,
6.000,
0.000,
0.000,
0.000,
0.000,
5.000,
0.000,
0.000,
0.000,
0.000,
0.000,
0.000,
0.000,
0.000,
0.000,
0.000,
0.000,
0.000,
0.000,
0.000,
0.000,
0.000,
0.000,
0.000,
0.000,
0.000,
0.000,
0.000,
0.000,
0.000,
0.000,
0.000,
0.000,
38.000,
0.000,
0.000,
0.000,
13.000,
0.000,
0.000,
0.000,
0.000,
0.000,
3.000,
0.000,
0.000,
0.000,
0.000,
14.000,
0.000,
3.000,
0.000,
0.000,
15.000,
0.000,
0.000,
0.000,
0.000,
0.000,
0.000,
0.000,
0.000,
0.000,
19.000,
20.000,
0.000,
5.000,
0.000,
5.000,
2.000,
0.000,
6.000,
0.000,
17.000,
2.000,
0.000,
0.000,
0.000,
0.000,
19.000,
0.000,
1.000,
20.000,
0.000,
0.000,
0.000,
0.000,
0.000,
0.000,
0.000,
0.000,
0.000,
0.000,
0.000,
0.000,
0.000,
0.000,
14.000,
3.000,
0.000,
0.000,
0.000,
0.000,
5.000,
0.000,
10.000,
0.000,
0.000,
0.000,
27.000,
0.000,
0.000,
0.000,
0.000,
1.000,
0.000,
0.000,
0.000,
0.000,
0.000,
3.000,
0.000,
0.000,
0.000,
0.000,
6.000,
0.000,
0.000,
0.000,
3.000,
0.000,
0.000,
0.000,
0.000,
0.000,
6.000,
8.000,
0.000,
0.000,
16.000,
0.000,
0.000,
0.000,
0.000,
11.000,
1.000,
0.000,
5.000,
0.000,
2.000,
16.000,
0.000,
0.000,
0.000,
0.000,
12.000,
0.000,
0.000,
0.000,
13.000,
0.000,
0.000,
4.000,
0.000,
0.000,
0.000,
0.000,
0.000,
0.000,
0.000,
0.000,
0.000,
0.000,
23.000,
10.000,
0.000,
13.000,
0.000,
0.000,
0.000,
0.000,
10.000,
7.000,
0.000,
0.000,
0.000,
0.000,
0.000,
0.000,
0.000,
0.000,
0.000,
0.000,
0.000,
4.000,
13.000,
0.000,
0.000,
2.000,
1.000,
0.000,
0.000,
0.000,
8.000,
0.000,
0.000,
9.000,
0.000,
0.000,
0.000,
0.000,
0.000,
0.000,
0.000,
0.000,
0.000,
0.000,
20.000,
0.000,
0.000,
0.000,
0.000,
0.000,
0.000,
0.000,
2.000,
0.000,
0.000,
0.000,
0.000,
0.000,
0.000,
2.000,
0.000,
0.000,
0.000,
0.000,
0.000,
0.000,
1.000,
0.000,
0.000,
0.000,
0.000,
0.000,
0.000,
0.000,
0.000,
0.000,
0.000,
3.000,
0.000,
5.000,
4.000,
0.000,
0.000,
0.000,
5.000,
0.000,
5.000,
0.000,
0.000,
0.000,
2.000,
0.000,
0.000,
0.000,
0.000,
0.000,
