# classifier._QL_REPLACED__INTEGERIZE_PACT_LIN_PASS_0 (shape [1000]),
4343,
1236,
693,
1214,
1728,
1617,
2117,
165,
172,
-280,
356,
452,
-228,
233,
702,
240,
-558,
367,
194,
-227,
-11,
529,
105,
970,
-372,
1144,
1944,
1197,
1131,
1640,
1764,
758,
1546,
1484,
1350,
1211,
1458,
1267,
591,
894,
1225,
618,
681,
434,
654,
235,
926,
422,
1509,
1271,
1612,
724,
-61,
-723,
-168,
4,
-945,
-655,
603,
-233,
9,
555,
912,
-427,
-550,
15,
-673,
-205,
-624,
-293,
-797,
-122,
-835,
-1295,
-689,
-1262,
-923,
-679,
-288,
60,
65,
-354,
466,
418,
660,
664,
590,
-461,
311,
50,
-341,
-141,
-11,
617,
-241,
509,
242,
-3,
20,
113,
-643,
726,
545,
2087,
685,
88,
780,
785,
248,
478,
308,
-172,
165,
517,
1574,
528,
605,
11,
1642,
734,
118,
779,
928,
603,
1052,
-616,
261,
-530,
-33,
-294,
-609,
5,
200,
834,
200,
-546,
183,
-465,
577,
-686,
-848,
-221,
-847,
-679,
470,
942,
-39,
162,
225,
680,
1336,
471,
-958,
-549,
-96,
-590,
-932,
-131,
389,
787,
725,
661,
339,
1122,
109,
641,
515,
137,
947,
650,
-59,
608,
540,
96,
404,
-260,
189,
487,
458,
935,
1004,
-839,
-225,
-308,
-194,
-356,
-408,
-333,
-586,
-722,
-910,
-124,
134,
-28,
-755,
276,
6,
237,
-71,
115,
-724,
-329,
-323,
-346,
-657,
678,
11,
317,
425,
377,
-92,
1036,
581,
684,
989,
167,
-19,
-123,
208,
-317,
334,
-28,
-288,
427,
835,
1233,
46,
739,
-506,
-458,
285,
141,
-135,
-181,
1048,
1240,
1157,
1030,
374,
247,
478,
536,
754,
603,
-240,
-27,
463,
-87,
-162,
182,
-278,
-172,
-303,
293,
-99,
1004,
255,
85,
-284,
512,
-233,
282,
241,
630,
246,
-290,
-325,
-35,
-211,
244,
-343,
-19,
390,
717,
535,
-76,
-83,
363,
270,
-344,
694,
195,
890,
-595,
-465,
73,
719,
36,
295,
-144,
171,
482,
881,
-318,
43,
930,
289,
-3,
95,
-455,
-608,
-838,
-217,
-393,
-520,
-502,
276,
-849,
-432,
-628,
-1172,
-579,
-481,
60,
106,
-588,
-497,
-117,
-1144,
-620,
-423,
-661,
108,
-283,
-609,
-141,
-929,
391,
-17,
724,
426,
509,
50,
-689,
-191,
77,
-10,
568,
-332,
-576,
-98,
872,
1201,
24,
1065,
30,
991,
325,
267,
-349,
87,
247,
564,
640,
-1073,
64,
664,
-158,
307,
-104,
366,
58,
487,
314,
-274,
-419,
-332,
164,
-467,
-298,
55,
3,
-232,
-147,
-865,
-671,
-623,
-35,
232,
162,
52,
569,
767,
-495,
-117,
417,
-326,
-814,
-1026,
3244,
2209,
3250,
423,
245,
2156,
2454,
192,
1833,
-664,
141,
-226,
-375,
-318,
-1341,
-1025,
339,
-560,
-756,
94,
-749,
729,
350,
373,
694,
-246,
-120,
274,
19,
-721,
123,
209,
-334,
-502,
-531,
-803,
-351,
-417,
699,
-51,
113,
-433,
-408,
-517,
379,
-189,
324,
288,
-289,
-199,
-1035,
626,
836,
-188,
-388,
-66,
363,
-828,
-355,
34,
291,
409,
-177,
-257,
-866,
-97,
272,
148,
241,
656,
-925,
-656,
780,
102,
276,
-172,
238,
-588,
251,
-113,
1195,
-486,
138,
541,
-452,
491,
-298,
1,
-511,
-340,
0,
-162,
-1022,
-597,
-497,
-147,
158,
-263,
-442,
-324,
-300,
328,
228,
-422,
-622,
275,
-455,
-541,
-587,
-830,
242,
-503,
212,
-393,
390,
-223,
-123,
-435,
-677,
-567,
-595,
-1246,
391,
-373,
-168,
-9,
446,
-766,
-580,
227,
-470,
-1065,
305,
680,
303,
669,
-226,
-773,
-887,
-490,
236,
-285,
-875,
-56,
-915,
-18,
-642,
-40,
-755,
16,
104,
-472,
30,
-479,
-618,
786,
-419,
-533,
-572,
-871,
-618,
-569,
-889,
496,
-647,
-733,
-449,
-321,
4,
-536,
483,
91,
-41,
739,
-1274,
-897,
-736,
604,
621,
-172,
-592,
-82,
-91,
591,
-342,
-444,
335,
-808,
867,
442,
284,
-40,
714,
76,
-359,
-456,
-51,
32,
641,
-280,
280,
-672,
-348,
-393,
-613,
-332,
44,
196,
-144,
-514,
-628,
-354,
375,
-388,
-1105,
-80,
-926,
-570,
-12,
-42,
67,
517,
558,
-169,
-893,
507,
-21,
-1331,
120,
36,
304,
109,
708,
-208,
-765,
-71,
-687,
-946,
67,
-635,
-1375,
-360,
-2,
-440,
-638,
-241,
-752,
-337,
22,
527,
581,
-518,
-276,
-382,
189,
-680,
-302,
116,
-401,
-1054,
796,
-830,
184,
934,
983,
-360,
397,
111,
-342,
-321,
292,
183,
128,
-691,
-714,
-43,
-430,
-267,
251,
-958,
103,
-388,
211,
16,
-606,
-655,
74,
-119,
-810,
-17,
-638,
-275,
30,
-569,
-545,
-20,
-910,
-591,
-484,
-1285,
-64,
-268,
-700,
-382,
375,
-674,
88,
-247,
331,
-547,
-616,
180,
-168,
-397,
36,
-722,
-356,
123,
-655,
371,
-777,
-1881,
10,
-126,
-287,
-786,
149,
249,
236,
101,
1203,
-729,
355,
175,
-350,
-486,
992,
-645,
-48,
-132,
-622,
178,
-11,
-950,
167,
-913,
549,
-453,
516,
139,
-6,
119,
-483,
-30,
-710,
-33,
-343,
-1026,
246,
-332,
-434,
-16,
258,
197,
-73,
-832,
-149,
871,
45,
1360,
-738,
-296,
-8,
200,
811,
925,
47,
151,
-982,
655,
-570,
-1338,
-462,
13,
86,
-701,
302,
-353,
-95,
75,
-187,
-470,
-258,
-314,
-954,
-159,
-358,
-455,
912,
-792,
-250,
-891,
-528,
552,
663,
-346,
-507,
276,
366,
-859,
51,
-351,
310,
63,
-373,
206,
383,
-847,
172,
-113,
-176,
-1142,
-56,
-516,
396,
-418,
-399,
-323,
17,
-273,
-116,
-1028,
-608,
-70,
-935,
95,
171,
-486,
169,
386,
-352,
-419,
-296,
231,
-531,
512,
428,
49,
217,
-39,
341,
-1029,
841,
354,
-20,
-1339,
-383,
46,
142,
-578,
652,
-521,
472,
-30,
164,
-584,
-1009,
-642,
-201,
-662,
289,
-149,
996,
-186,
660,
-286,
-404,
550,
-1058,
534,
-29,
-251,
-510,
-641,
-966,
-626,
-40,
937,
107,
-1083,
524,
368,
-374,
-230,
770,
-449,
248,
-504,
-259,
145,
-175,
-539,
149,
-470,
-565,
-373,
-11,
-177,
-266,
931,
1092,
-236,
487,
-656,
-188,
-272,
-652,
-333,
532,
-449,
716,
378,
-195,
581,
-19,
-557,
-208,
-182,
-172,
-229,
-385,
-1401,
176,
-336,
236,
186,
-32,
234,
-205,
-256,
517,
-303,
-225,
425,
-133,
-109,
20,
291,
-154,
-436,
1066,
687,
684,
132,
410,
36,
-149,
-36,
811,
211,
-714,
-252,
455,
-45,
312,
533,
771,
-670,
-282,
-166,
417,
-583,
319,
-655,
-130,
-291,
-156,
-138,
-251,
-166,
347,
-75,
487,
-359,
495,
-356,
573,
-351,
301,
-496,
-88,
-337,
632,
221,
471,
-353,
-418,
154,
158,
-585,
-893,
-868,
25,
510,
53,
155,
-204,
639,
1961,
313,
-222,
