# features.13.residual_branch.2._QL_REPLACED__INTEGERIZE_BN2D_SIGNED_ACT_PASS_13 (shape [7, 7, 160]),
-8,
34,
-59,
-23,
19,
-9,
36,
-18,
-12,
38,
-15,
81,
62,
57,
8,
102,
13,
-72,
-68,
84,
-34,
-17,
-73,
-22,
-51,
-5,
127,
-48,
-128,
-88,
-72,
-21,
50,
60,
-8,
104,
-101,
-38,
7,
40,
13,
55,
79,
-109,
100,
-59,
-66,
-128,
11,
-90,
-26,
-32,
34,
-25,
-13,
-105,
36,
-104,
-29,
38,
-36,
-70,
-84,
38,
-6,
-24,
50,
39,
43,
5,
-4,
-58,
84,
-122,
-9,
48,
1,
-81,
-54,
-103,
127,
15,
19,
-30,
-14,
-90,
-50,
2,
-82,
-64,
-116,
-50,
127,
5,
-104,
-23,
-21,
-23,
-128,
88,
-75,
-44,
127,
-17,
-52,
74,
-38,
28,
41,
93,
-128,
66,
-48,
110,
121,
55,
71,
-67,
-4,
15,
31,
127,
-43,
97,
20,
101,
-74,
127,
-85,
-10,
-91,
-33,
6,
-52,
-16,
127,
127,
20,
-38,
-64,
70,
-50,
-80,
-32,
-128,
-82,
-128,
-107,
-12,
20,
82,
-51,
95,
20,
127,
6,
48,
-90,
127,
-18,
9,
13,
-13,
4,
6,
12,
12,
-1,
8,
-20,
2,
9,
10,
-6,
-5,
9,
-2,
33,
-9,
1,
6,
7,
-21,
-7,
-3,
-21,
-19,
-4,
-31,
-9,
5,
-6,
10,
13,
-13,
12,
-17,
-3,
15,
-3,
-11,
9,
-17,
-1,
-9,
-39,
-22,
-23,
-2,
-27,
4,
-7,
5,
-5,
-8,
2,
-2,
18,
-22,
-3,
11,
3,
5,
-16,
-3,
1,
0,
-12,
-33,
15,
11,
-12,
6,
-2,
-7,
-29,
-13,
21,
-13,
-27,
-16,
-8,
20,
-8,
-4,
1,
-3,
-2,
28,
-25,
-17,
9,
11,
-2,
-3,
3,
-16,
14,
-39,
14,
10,
4,
10,
-16,
10,
-2,
24,
12,
-14,
-20,
5,
-32,
20,
7,
10,
-7,
-7,
22,
20,
-11,
6,
-2,
-1,
2,
-5,
7,
-11,
19,
-23,
17,
30,
-3,
-10,
-4,
24,
28,
25,
24,
-7,
4,
6,
-5,
5,
28,
-10,
-26,
-54,
15,
10,
-5,
1,
4,
15,
12,
-3,
-25,
0,
9,
13,
12,
55,
-24,
10,
8,
7,
-12,
-20,
-10,
8,
4,
14,
16,
8,
-9,
2,
-9,
22,
36,
-28,
4,
-28,
11,
9,
7,
5,
-41,
-11,
-6,
16,
26,
-42,
16,
-1,
7,
-14,
2,
37,
12,
2,
-9,
-18,
6,
-2,
-25,
11,
-18,
-25,
31,
-2,
5,
9,
-12,
24,
31,
34,
-14,
17,
-18,
44,
13,
-3,
-4,
19,
-10,
-5,
-18,
14,
5,
-22,
47,
17,
-17,
23,
-23,
-8,
-38,
-21,
31,
14,
-13,
-12,
-2,
26,
12,
8,
0,
-10,
-44,
-13,
-1,
7,
15,
-16,
-34,
-17,
-23,
42,
13,
7,
9,
-4,
17,
-22,
-16,
15,
23,
35,
-18,
-3,
-29,
-27,
-46,
40,
19,
-12,
-10,
-9,
40,
22,
-21,
-26,
16,
7,
4,
6,
2,
-4,
-12,
17,
12,
7,
40,
-6,
11,
6,
15,
5,
5,
-20,
-36,
0,
-13,
8,
12,
-13,
1,
-1,
34,
15,
-23,
12,
-9,
-14,
3,
-5,
35,
-15,
2,
18,
14,
28,
-8,
8,
6,
8,
7,
-6,
14,
5,
-3,
-6,
7,
26,
-8,
-4,
1,
-15,
21,
-7,
-2,
10,
4,
-16,
-2,
-14,
-19,
-2,
-5,
-1,
20,
-17,
13,
4,
13,
-22,
7,
22,
-8,
-12,
-21,
-14,
19,
-16,
-19,
21,
-12,
-13,
21,
-26,
-22,
14,
-5,
11,
7,
2,
-1,
19,
-3,
5,
29,
-8,
-2,
-2,
-8,
-11,
-4,
10,
-3,
-10,
2,
8,
-6,
-12,
-23,
-20,
-50,
-16,
20,
31,
-16,
-3,
-1,
13,
35,
13,
-9,
-15,
-43,
-8,
23,
5,
31,
-6,
-1,
-19,
-8,
39,
-5,
-11,
-11,
17,
22,
-25,
-22,
24,
30,
9,
-1,
-25,
-27,
2,
-41,
35,
-7,
3,
-3,
-22,
17,
9,
-20,
-19,
13,
-5,
12,
-2,
-6,
-3,
-5,
-2,
17,
12,
21,
16,
11,
-5,
11,
0,
12,
-5,
-23,
3,
16,
-3,
27,
-14,
-16,
5,
16,
17,
-11,
-4,
15,
-6,
1,
7,
16,
-9,
31,
12,
3,
3,
18,
-7,
25,
0,
6,
10,
0,
-8,
-3,
-1,
-15,
19,
11,
-10,
-3,
-15,
23,
3,
-5,
21,
15,
-11,
-14,
-18,
-16,
18,
12,
-7,
14,
13,
6,
-11,
0,
-2,
6,
5,
-19,
-3,
-15,
4,
12,
-11,
3,
-2,
-13,
7,
4,
-18,
-14,
11,
-14,
-6,
-7,
-6,
-1,
6,
16,
-8,
38,
4,
10,
-15,
-21,
-11,
18,
6,
-19,
-15,
3,
3,
-2,
-22,
-5,
-7,
-36,
-10,
27,
-11,
-22,
-4,
4,
-16,
14,
10,
-1,
-4,
-20,
7,
4,
-10,
20,
-6,
19,
0,
8,
4,
-12,
9,
-14,
2,
6,
-20,
-25,
19,
17,
6,
6,
-37,
-5,
12,
-19,
21,
-15,
11,
-20,
1,
10,
4,
-16,
-5,
-4,
-27,
4,
-15,
3,
-7,
14,
-2,
-5,
11,
3,
6,
5,
7,
-18,
-1,
8,
-1,
6,
-6,
23,
-5,
25,
-4,
-22,
-7,
9,
11,
-9,
-13,
4,
-1,
22,
-14,
-6,
13,
40,
-12,
-10,
-13,
14,
-13,
10,
-13,
-6,
-1,
-8,
-24,
6,
-3,
-13,
-3,
5,
-14,
-7,
6,
10,
-13,
22,
0,
13,
9,
-10,
12,
2,
8,
17,
-9,
2,
-11,
-9,
-3,
3,
-11,
-4,
-4,
11,
2,
4,
-5,
-11,
10,
4,
-26,
-18,
20,
2,
-18,
-22,
-4,
0,
4,
-17,
-3,
-12,
0,
21,
8,
20,
-16,
-11,
5,
-2,
8,
-10,
16,
-7,
21,
15,
21,
1,
3,
2,
-15,
-7,
6,
22,
-41,
-9,
-15,
25,
-6,
-5,
4,
-8,
23,
-19,
9,
22,
8,
11,
2,
14,
-15,
17,
14,
4,
28,
10,
-27,
14,
10,
-5,
-6,
7,
-6,
12,
-13,
-2,
-17,
10,
12,
14,
2,
-18,
-2,
14,
-7,
17,
2,
3,
8,
10,
-15,
-17,
-10,
3,
-4,
9,
33,
-5,
8,
-5,
19,
5,
4,
16,
-4,
10,
-6,
7,
14,
10,
10,
-1,
-4,
15,
5,
-6,
-14,
3,
2,
23,
-1,
-16,
24,
25,
-8,
13,
20,
5,
-8,
13,
-20,
-9,
-2,
4,
-15,
-20,
9,
-5,
11,
-13,
-13,
-28,
8,
23,
15,
-5,
11,
3,
4,
-5,
-10,
-2,
-5,
11,
8,
0,
14,
-15,
-12,
14,
3,
6,
14,
8,
-24,
-13,
-30,
2,
-8,
29,
-27,
-22,
-1,
-2,
-43,
-18,
-5,
-14,
2,
4,
-2,
4,
-7,
12,
-14,
24,
10,
-11,
-2,
-17,
11,
-7,
5,
-6,
-20,
23,
17,
6,
-10,
21,
17,
-11,
-4,
32,
-26,
10,
-18,
0,
-16,
-27,
4,
12,
32,
-27,
6,
8,
29,
-9,
-5,
6,
8,
26,
19,
-12,
-4,
33,
-11,
20,
0,
-14,
0,
13,
19,
17,
-26,
-20,
5,
-23,
29,
-8,
-19,
-24,
-14,
21,
-4,
-24,
-5,
-2,
-11,
-1,
-25,
-5,
-1,
4,
-1,
9,
24,
15,
-29,
4,
26,
7,
5,
20,
20,
9,
-5,
8,
-4,
23,
-2,
-12,
-32,
1,
8,
7,
11,
6,
-5,
14,
-6,
-13,
-13,
9,
-4,
2,
-10,
11,
10,
-10,
-10,
29,
3,
-14,
49,
-24,
-17,
4,
3,
-22,
17,
15,
-2,
29,
-13,
-2,
4,
2,
-24,
-9,
8,
2,
5,
-28,
-31,
-30,
29,
-15,
12,
9,
-15,
6,
-36,
1,
22,
9,
1,
-9,
-28,
13,
2,
-6,
-42,
-29,
-15,
-43,
-5,
-2,
17,
-23,
-7,
12,
-5,
14,
-4,
-5,
18,
0,
-5,
-10,
-9,
27,
-17,
13,
-31,
-52,
6,
-2,
16,
18,
5,
7,
-2,
7,
-19,
-10,
10,
-19,
9,
-36,
-15,
9,
-4,
14,
11,
9,
-25,
-7,
19,
5,
12,
24,
-4,
31,
-53,
7,
32,
22,
24,
4,
-6,
34,
5,
-6,
-19,
-29,
5,
-35,
19,
-7,
-1,
13,
-13,
0,
19,
1,
2,
-2,
17,
-14,
-7,
8,
-18,
15,
-7,
27,
22,
-26,
-5,
-13,
38,
35,
20,
14,
-18,
22,
10,
3,
17,
46,
-2,
-14,
-69,
-18,
2,
-3,
-12,
37,
34,
-11,
18,
-19,
2,
13,
-15,
18,
8,
1,
13,
-10,
14,
-11,
4,
-12,
9,
-10,
22,
-4,
6,
-2,
6,
5,
-10,
9,
6,
8,
10,
-4,
6,
5,
14,
-8,
-15,
-2,
7,
-7,
15,
4,
-5,
3,
-3,
9,
7,
-6,
6,
4,
20,
0,
-25,
-6,
0,
-6,
6,
2,
-2,
-13,
2,
-6,
4,
1,
-3,
-23,
4,
1,
3,
6,
9,
-12,
3,
-26,
-15,
7,
1,
21,
-23,
5,
11,
-13,
1,
5,
-19,
-25,
12,
5,
-10,
-18,
9,
-9,
-3,
0,
2,
8,
-12,
5,
6,
-4,
-4,
22,
-8,
4,
0,
-14,
5,
5,
-8,
-3,
7,
-2,
-4,
0,
10,
-4,
-4,
1,
-4,
-21,
14,
-23,
12,
3,
-1,
-3,
-8,
4,
15,
-14,
-4,
11,
-19,
3,
7,
-23,
4,
-8,
-6,
3,
13,
-6,
1,
4,
8,
-2,
16,
-4,
-12,
-5,
-8,
-11,
19,
6,
-7,
-10,
-3,
6,
-6,
0,
1,
7,
-8,
-3,
-8,
7,
15,
13,
-16,
6,
44,
-18,
13,
-50,
35,
6,
-44,
-39,
15,
-5,
50,
12,
-19,
-11,
-21,
-41,
42,
6,
23,
-2,
-33,
-40,
20,
3,
41,
-37,
43,
2,
20,
2,
-14,
23,
-2,
30,
-14,
102,
13,
40,
-20,
9,
12,
8,
-25,
-4,
14,
22,
-40,
13,
-29,
83,
12,
-14,
-7,
48,
-18,
-49,
56,
-45,
35,
0,
15,
13,
12,
8,
28,
21,
13,
38,
-40,
63,
72,
-47,
-53,
-12,
1,
-74,
1,
7,
7,
2,
19,
10,
15,
21,
22,
-6,
26,
5,
-4,
24,
-54,
19,
-3,
-42,
-35,
-34,
58,
-19,
-41,
-29,
-8,
3,
-48,
16,
-62,
-11,
44,
-25,
39,
-41,
-18,
-40,
41,
21,
-43,
-26,
-38,
32,
14,
-9,
-29,
46,
-18,
39,
6,
-27,
25,
-2,
11,
5,
3,
-5,
-20,
32,
34,
-4,
5,
55,
-76,
-78,
10,
-17,
31,
-18,
-26,
23,
14,
26,
-6,
40,
17,
-17,
12,
4,
2,
10,
-22,
23,
21,
6,
19,
-14,
13,
-40,
30,
0,
-30,
-27,
18,
7,
31,
10,
-9,
-9,
-6,
-20,
18,
15,
4,
10,
-5,
-27,
18,
8,
31,
-19,
29,
0,
5,
3,
6,
11,
5,
17,
-3,
76,
0,
14,
-11,
2,
7,
32,
-37,
4,
15,
23,
-35,
9,
-30,
46,
4,
-11,
-10,
19,
-8,
-37,
46,
-11,
30,
3,
0,
-5,
4,
1,
21,
16,
2,
32,
-38,
43,
43,
-36,
-43,
-8,
-19,
-60,
21,
14,
6,
-2,
11,
1,
6,
15,
8,
-5,
12,
6,
-3,
19,
-28,
13,
-3,
-27,
-21,
-17,
45,
-21,
-44,
-23,
6,
1,
-32,
4,
-40,
-3,
32,
8,
17,
-39,
6,
-28,
32,
8,
-21,
-13,
-30,
18,
8,
-12,
-20,
34,
-11,
32,
11,
-23,
17,
-14,
0,
15,
-2,
-14,
-7,
12,
19,
-19,
15,
31,
-50,
-55,
14,
2,
11,
-20,
-15,
13,
12,
20,
-6,
29,
4,
2,
-1,
-3,
-1,
-1,
-10,
24,
4,
10,
7,
3,
3,
10,
13,
5,
11,
2,
4,
-5,
9,
-11,
6,
-9,
17,
6,
-10,
24,
-4,
1,
13,
0,
1,
4,
13,
1,
14,
-2,
2,
11,
13,
6,
-3,
-6,
11,
11,
-9,
-21,
-4,
4,
19,
9,
-13,
-3,
-1,
-12,
21,
-2,
-4,
-6,
-3,
4,
-1,
-4,
-4,
-17,
6,
13,
8,
13,
-1,
-17,
-5,
-23,
-15,
6,
1,
2,
-19,
2,
-5,
0,
8,
-17,
-25,
-18,
11,
21,
-30,
-18,
7,
-1,
-11,
-5,
4,
-2,
-16,
9,
3,
5,
-19,
6,
-11,
10,
3,
-1,
8,
-4,
0,
-9,
-2,
-3,
-11,
-18,
4,
-2,
0,
2,
-20,
7,
4,
-5,
18,
1,
-8,
-3,
-11,
7,
0,
-9,
-2,
-4,
-18,
4,
-6,
-7,
3,
0,
-5,
8,
7,
1,
-1,
-3,
0,
-12,
-1,
-9,
-5,
6,
-7,
8,
6,
9,
8,
-16,
9,
3,
-1,
2,
-23,
16,
-3,
-1,
-16,
4,
17,
25,
-15,
2,
-17,
4,
-17,
2,
23,
8,
9,
12,
-11,
-2,
0,
-25,
-10,
-6,
10,
5,
8,
17,
-13,
25,
-2,
18,
19,
-10,
-3,
-2,
18,
3,
-8,
7,
7,
-1,
0,
2,
6,
1,
-8,
0,
-1,
8,
11,
-17,
-1,
-5,
-18,
-18,
41,
3,
-4,
-14,
-5,
-2,
14,
-4,
-22,
-19,
4,
22,
17,
8,
-17,
-27,
3,
-7,
-4,
-1,
3,
6,
11,
-5,
18,
-2,
1,
-31,
-33,
0,
10,
16,
-55,
-10,
-11,
5,
-5,
-23,
15,
-15,
11,
-9,
-5,
42,
-12,
-9,
-17,
7,
-25,
9,
29,
-5,
10,
-2,
-28,
15,
8,
2,
-20,
0,
-16,
-2,
-16,
0,
-1,
9,
6,
8,
-8,
4,
-11,
-1,
-6,
14,
0,
-9,
7,
18,
-11,
-19,
-11,
0,
11,
17,
30,
3,
1,
4,
23,
0,
3,
8,
-7,
8,
8,
10,
33,
12,
15,
-7,
7,
9,
14,
13,
-15,
24,
-4,
-9,
12,
-10,
29,
24,
-16,
-7,
15,
13,
-2,
6,
10,
-3,
11,
4,
-13,
-9,
12,
-24,
-1,
-8,
-3,
-14,
-3,
12,
1,
15,
14,
9,
12,
3,
-3,
-3,
26,
-5,
8,
14,
33,
-7,
-5,
-7,
10,
2,
7,
3,
8,
15,
7,
-14,
6,
7,
-23,
-1,
15,
8,
-6,
-17,
-28,
2,
10,
-4,
-23,
-6,
13,
-3,
-3,
6,
-30,
-23,
-12,
-34,
-4,
2,
-15,
13,
5,
7,
1,
-13,
-8,
2,
8,
1,
-12,
4,
-26,
-3,
6,
-5,
-5,
-28,
8,
-8,
-8,
-21,
-12,
16,
-2,
-13,
-21,
4,
-6,
21,
19,
-7,
-6,
6,
16,
11,
-2,
-2,
-19,
10,
-20,
4,
-26,
6,
6,
-9,
0,
-7,
-18,
-5,
-24,
-4,
1,
-15,
4,
-3,
-20,
14,
-19,
-5,
-1,
6,
20,
14,
8,
-2,
-2,
-13,
33,
-5,
7,
8,
1,
8,
15,
-4,
6,
25,
-4,
-8,
7,
7,
6,
14,
6,
18,
9,
2,
-6,
1,
12,
13,
-12,
-9,
-8,
9,
9,
-12,
-3,
-3,
16,
-14,
18,
-8,
3,
-12,
4,
3,
5,
-6,
-10,
10,
-12,
-4,
12,
4,
-1,
-6,
9,
9,
5,
-11,
10,
-16,
15,
7,
8,
-9,
-8,
-11,
8,
-8,
5,
-8,
21,
-4,
-12,
2,
0,
-9,
2,
-8,
-4,
0,
4,
2,
8,
-20,
0,
-11,
13,
10,
20,
6,
2,
0,
-9,
-19,
-29,
21,
-26,
5,
-18,
-4,
-3,
-11,
17,
0,
-1,
-4,
6,
-11,
-26,
-12,
2,
-8,
2,
-10,
17,
7,
-7,
14,
9,
0,
-8,
1,
-8,
0,
10,
4,
-4,
10,
2,
1,
11,
1,
6,
-16,
-3,
14,
-12,
-21,
-21,
-17,
5,
-13,
-1,
-11,
-5,
9,
-17,
1,
10,
6,
-9,
15,
-14,
-17,
-17,
-22,
4,
-17,
-11,
6,
2,
-7,
7,
10,
13,
-1,
26,
0,
7,
4,
-4,
-9,
12,
13,
4,
4,
-14,
-19,
-3,
-17,
-5,
22,
-2,
-4,
13,
2,
11,
18,
-24,
6,
-7,
6,
7,
-10,
6,
-14,
7,
-2,
10,
-11,
10,
-10,
2,
5,
0,
15,
-1,
-9,
-7,
6,
-5,
-8,
2,
5,
12,
-1,
-5,
16,
15,
1,
12,
-2,
4,
11,
6,
3,
10,
-15,
4,
-9,
10,
1,
-8,
11,
4,
-3,
6,
3,
2,
8,
-11,
10,
6,
-9,
-9,
-12,
-2,
3,
6,
4,
9,
10,
-3,
-10,
-2,
17,
-7,
13,
-16,
4,
1,
9,
12,
3,
-7,
-3,
12,
3,
-8,
-18,
7,
-7,
-10,
5,
5,
-1,
-14,
2,
8,
-8,
0,
4,
2,
10,
-1,
4,
-12,
2,
-1,
5,
1,
0,
-2,
-1,
7,
-10,
-10,
-6,
0,
-3,
-5,
4,
5,
-3,
4,
-3,
-4,
-8,
5,
9,
-3,
7,
0,
-4,
-10,
-22,
4,
-8,
3,
11,
3,
7,
2,
0,
5,
-3,
2,
5,
7,
-4,
0,
-9,
16,
3,
-4,
5,
3,
5,
-7,
-12,
5,
9,
-6,
3,
1,
7,
11,
5,
-10,
-3,
5,
10,
21,
-42,
-3,
-12,
-27,
-33,
22,
4,
31,
7,
-13,
3,
-17,
-3,
24,
-1,
11,
22,
-16,
-14,
21,
-6,
19,
-8,
1,
14,
16,
-18,
13,
2,
-13,
-3,
6,
44,
-8,
5,
5,
-4,
20,
31,
0,
16,
34,
18,
-14,
0,
-6,
47,
-6,
-3,
-23,
-15,
4,
-23,
38,
-3,
26,
-8,
5,
6,
18,
21,
11,
35,
7,
8,
-48,
21,
22,
-26,
-37,
-14,
-19,
-37,
30,
14,
-4,
-7,
25,
-19,
-32,
18,
-1,
14,
29,
1,
24,
29,
-12,
25,
-16,
-16,
2,
-23,
25,
-23,
-21,
-4,
-11,
-7,
-6,
11,
2,
-14,
28,
8,
15,
-24,
-2,
-13,
21,
-16,
-20,
8,
-7,
22,
1,
15,
-9,
23,
-22,
28,
8,
-20,
4,
-8,
-11,
-8,
-29,
-6,
-1,
4,
-8,
-6,
15,
34,
-49,
-47,
-18,
-8,
4,
-32,
-34,
15,
-2,
25,
-13,
-8,
20,
-11,
2,
-8,
17,
8,
6,
24,
18,
-14,
2,
4,
6,
-47,
-20,
2,
-15,
-38,
-20,
10,
21,
-6,
6,
10,
-9,
15,
6,
-21,
-8,
5,
9,
-16,
9,
-1,
5,
-9,
-13,
-4,
26,
12,
1,
-9,
0,
-4,
-3,
0,
8,
5,
-1,
11,
14,
24,
-10,
13,
26,
17,
-20,
8,
-1,
13,
-20,
10,
-10,
-8,
2,
-8,
29,
-8,
22,
-11,
-6,
-2,
14,
18,
21,
17,
15,
7,
4,
-2,
-10,
-11,
-10,
-12,
-3,
-24,
8,
16,
-3,
-11,
19,
-20,
-15,
28,
2,
-6,
8,
-24,
22,
30,
6,
1,
8,
4,
0,
-11,
7,
-1,
-6,
11,
3,
22,
-19,
-5,
-3,
-8,
10,
9,
5,
-1,
10,
-14,
5,
3,
-10,
11,
12,
7,
7,
18,
-19,
6,
-11,
-2,
5,
-5,
8,
-14,
-5,
-2,
-24,
11,
8,
13,
-5,
10,
-11,
24,
-33,
-32,
16,
-30,
5,
-17,
-17,
11,
-14,
11,
9,
1,
20,
-24,
11,
-23,
6,
1,
11,
3,
19,
-6,
4,
7,
-4,
-20,
-17,
-2,
8,
-13,
-9,
-6,
8,
-3,
8,
-1,
-7,
21,
-10,
-18,
8,
3,
7,
-5,
0,
2,
-11,
8,
-8,
8,
3,
18,
17,
4,
0,
-9,
8,
-15,
-3,
-16,
-6,
15,
17,
8,
-15,
17,
11,
-6,
11,
6,
1,
-9,
-20,
13,
3,
-7,
-11,
-1,
8,
0,
10,
5,
-8,
-12,
-3,
0,
5,
9,
5,
12,
5,
3,
-21,
5,
6,
-31,
-12,
2,
9,
19,
-17,
-5,
10,
-6,
5,
18,
0,
-9,
5,
0,
10,
11,
2,
3,
5,
21,
0,
1,
0,
4,
6,
17,
2,
17,
-8,
-14,
11,
-3,
5,
-4,
-9,
5,
14,
5,
11,
-1,
-2,
10,
0,
-5,
-4,
5,
-16,
5,
1,
-1,
-3,
6,
8,
-7,
4,
-7,
-2,
26,
-6,
19,
-1,
6,
-22,
1,
-9,
-2,
3,
-14,
10,
-3,
10,
0,
5,
1,
18,
13,
-4,
-9,
9,
-18,
-14,
-5,
20,
5,
3,
2,
0,
10,
-13,
-12,
11,
9,
9,
13,
1,
-11,
2,
-10,
-8,
-12,
8,
-6,
0,
7,
-1,
5,
0,
-11,
10,
2,
-15,
-4,
1,
11,
-2,
11,
6,
-1,
2,
-17,
11,
0,
-9,
-12,
-8,
3,
2,
-10,
-14,
-5,
3,
-5,
29,
10,
3,
-5,
2,
8,
6,
-4,
-11,
-11,
-11,
5,
14,
5,
-1,
-9,
3,
-9,
-4,
-2,
-7,
11,
-6,
11,
-10,
-1,
-1,
-20,
-18,
3,
6,
8,
-30,
1,
-4,
-7,
-6,
-10,
12,
-1,
-1,
-7,
4,
15,
-18,
1,
-15,
12,
-16,
4,
1,
0,
-7,
2,
-8,
13,
6,
-20,
11,
-10,
-11,
-4,
-16,
4,
10,
4,
12,
2,
-7,
6,
-22,
2,
-16,
6,
4,
0,
-9,
3,
-15,
2,
9,
-2,
1,
-4,
14,
11,
-14,
-3,
4,
0,
0,
7,
-6,
4,
-2,
-5,
22,
13,
13,
-4,
10,
4,
4,
9,
-20,
26,
-2,
-12,
-15,
-4,
19,
17,
-3,
-12,
15,
15,
-5,
1,
-8,
1,
12,
-3,
-9,
-10,
12,
-9,
-5,
1,
-22,
-14,
0,
13,
11,
1,
18,
-1,
-5,
-11,
4,
-14,
24,
-16,
5,
18,
22,
0,
6,
-17,
14,
-7,
6,
-20,
8,
6,
2,
-9,
3,
2,
-13,
-7,
7,
7,
14,
-8,
-22,
24,
4,
-13,
-4,
-16,
7,
-8,
-15,
21,
-22,
-6,
-18,
-36,
9,
0,
-29,
11,
11,
9,
-5,
-15,
-8,
10,
5,
-7,
-13,
-2,
-16,
-7,
5,
-17,
-14,
-16,
-4,
-17,
-15,
-19,
-3,
5,
-2,
-5,
-24,
3,
2,
8,
12,
-5,
-1,
14,
11,
19,
-13,
-12,
-10,
3,
-26,
-1,
-24,
4,
5,
-11,
0,
-3,
-9,
2,
-37,
9,
-2,
-12,
0,
3,
-6,
5,
-7,
-4,
-1,
2,
14,
14,
14,
8,
1,
-15,
24,
0,
8,
7,
-6,
4,
18,
-4,
9,
21,
-5,
-1,
-1,
-1,
-6,
14,
0,
13,
14,
-2,
-12,
-2,
7,
12,
-7,
-21,
3,
-4,
12,
-22,
-9,
-3,
9,
3,
5,
-9,
4,
-5,
-9,
-9,
2,
-5,
3,
-10,
-6,
-8,
-4,
-5,
1,
6,
1,
0,
6,
4,
25,
-2,
7,
-18,
0,
3,
10,
6,
12,
-7,
-2,
-16,
3,
-1,
3,
4,
-3,
3,
2,
6,
-17,
-9,
2,
11,
8,
-6,
9,
0,
7,
9,
19,
1,
-5,
3,
6,
-12,
-7,
8,
-15,
2,
-11,
15,
-5,
-2,
15,
5,
0,
14,
-4,
-5,
-11,
-8,
-11,
-22,
-11,
0,
-9,
1,
1,
13,
-10,
-9,
2,
3,
15,
3,
6,
-4,
1,
-1,
0,
-1,
0,
-4,
4,
8,
3,
-6,
-7,
-14,
0,
-13,
-9,
2,
4,
-7,
2,
-5,
-13,
-2,
3,
1,
-3,
13,
-19,
-15,
-8,
-16,
0,
-3,
1,
7,
-5,
15,
4,
13,
-1,
-10,
3,
10,
22,
4,
5,
-12,
19,
-2,
-4,
12,
-14,
15,
-10,
3,
15,
9,
-9,
-1,
2,
0,
1,
-1,
-15,
-6,
19,
-1,
12,
-26,
22,
-20,
8,
5,
-18,
-6,
15,
-19,
-2,
-27,
-6,
16,
-23,
-26,
-10,
12,
-5,
-10,
-22,
12,
-2,
-4,
-2,
7,
23,
19,
-9,
-8,
2,
-27,
-18,
0,
4,
3,
6,
-13,
7,
21,
-12,
-14,
15,
4,
2,
-10,
-3,
-5,
15,
-3,
8,
20,
-8,
19,
-11,
6,
24,
-4,
7,
2,
6,
-1,
19,
10,
10,
-7,
6,
11,
-26,
13,
-22,
-5,
13,
-4,
-5,
17,
-16,
-9,
10,
5,
3,
9,
15,
-9,
-29,
18,
14,
6,
-20,
24,
25,
2,
-15,
8,
-12,
0,
-12,
-6,
-2,
1,
-13,
3,
-9,
0,
-16,
-10,
10,
-10,
-6,
13,
1,
1,
13,
20,
5,
-9,
10,
26,
-2,
-5,
-1,
2,
-10,
-19,
-8,
1,
4,
26,
-10,
28,
-13,
23,
15,
-15,
-8,
14,
-18,
0,
21,
6,
-10,
-4,
3,
-15,
16,
6,
2,
12,
-14,
4,
-16,
2,
8,
-2,
40,
10,
-6,
-1,
12,
6,
-13,
-9,
6,
12,
15,
7,
-39,
-8,
2,
-17,
6,
0,
-37,
17,
-18,
-13,
-2,
16,
23,
7,
-18,
-12,
6,
3,
-4,
-7,
42,
16,
-16,
-21,
-12,
-8,
5,
-15,
7,
8,
4,
-3,
26,
22,
-3,
-43,
15,
1,
4,
14,
-16,
-18,
-8,
-8,
15,
25,
-11,
20,
-21,
21,
15,
-4,
-34,
9,
8,
23,
26,
17,
33,
-22,
20,
-12,
-32,
-1,
-26,
2,
1,
-7,
-7,
-8,
-5,
-47,
-4,
-14,
-9,
37,
0,
-17,
-23,
6,
41,
23,
-10,
27,
25,
9,
-23,
14,
-9,
6,
5,
8,
2,
14,
-11,
12,
-27,
-11,
-17,
2,
-8,
-1,
-13,
-9,
-6,
-2,
3,
10,
30,
-20,
19,
33,
1,
7,
7,
5,
-3,
5,
-40,
-3,
-25,
9,
-9,
34,
8,
29,
-16,
-11,
-42,
9,
-27,
2,
34,
-8,
-28,
-12,
-11,
-2,
-4,
-17,
21,
14,
-16,
-15,
3,
-14,
38,
11,
18,
14,
-3,
-20,
-11,
-16,
-17,
-23,
-31,
6,
21,
-8,
-45,
-8,
-9,
-31,
10,
6,
-8,
13,
8,
5,
-42,
11,
-2,
-1,
-11,
-12,
16,
-19,
-2,
-17,
44,
25,
-13,
-27,
1,
12,
10,
-10,
28,
23,
6,
15,
6,
3,
-16,
-21,
29,
3,
17,
32,
-17,
-17,
-35,
6,
10,
9,
-5,
5,
-7,
29,
-5,
-12,
-18,
-5,
-8,
24,
15,
0,
-2,
14,
41,
-15,
-7,
-7,
0,
15,
-4,
-13,
-4,
10,
4,
-37,
3,
-9,
-16,
49,
-2,
-3,
-16,
-27,
14,
24,
21,
19,
5,
-8,
-14,
1,
-6,
34,
16,
35,
-3,
29,
-33,
17,
-20,
-23,
-2,
4,
-11,
0,
-42,
-34,
-21,
30,
-18,
-7,
21,
-6,
11,
22,
-14,
-2,
18,
-22,
-2,
-7,
-13,
8,
-7,
4,
-4,
28,
17,
-5,
-10,
-12,
-28,
1,
-33,
-2,
24,
-22,
5,
-1,
-12,
2,
-15,
4,
21,
13,
14,
-38,
32,
-26,
13,
10,
-34,
-9,
1,
-13,
11,
-25,
-7,
-17,
-32,
-4,
10,
-17,
-35,
0,
-11,
-13,
16,
-30,
-8,
-6,
1,
1,
-3,
13,
-3,
-8,
1,
2,
-9,
-18,
-14,
-6,
27,
18,
-8,
-2,
-20,
-17,
1,
17,
11,
21,
-12,
15,
-8,
4,
-4,
5,
35,
-12,
24,
27,
3,
10,
-23,
13,
4,
-1,
-1,
13,
-3,
23,
7,
-17,
-14,
-27,
-23,
4,
7,
1,
9,
16,
26,
2,
0,
2,
-12,
-9,
-3,
-8,
2,
9,
-16,
6,
19,
-3,
2,
30,
-20,
-7,
0,
-1,
21,
15,
5,
13,
17,
0,
-9,
21,
2,
33,
3,
25,
-11,
12,
-2,
27,
-11,
-10,
-21,
-3,
-7,
-15,
-21,
-21,
1,
9,
-6,
3,
-5,
-7,
-3,
11,
-2,
3,
27,
-5,
6,
-9,
13,
18,
0,
9,
2,
8,
13,
-2,
-1,
-2,
-16,
-4,
-20,
16,
1,
-20,
7,
-11,
-2,
-11,
4,
26,
13,
18,
-2,
-31,
21,
-21,
-18,
-12,
-15,
-3,
16,
2,
-2,
9,
0,
-17,
-18,
-10,
-5,
-5,
-18,
-13,
-4,
1,
3,
-6,
-13,
-8,
-26,
8,
14,
40,
0,
9,
-6,
-4,
-15,
-18,
9,
4,
16,
26,
-17,
-16,
2,
-20,
8,
10,
-14,
-11,
8,
6,
-16,
-5,
9,
-23,
1,
-17,
19,
14,
18,
0,
2,
11,
11,
5,
3,
-3,
18,
6,
18,
-15,
0,
-15,
6,
-6,
-11,
-2,
-8,
13,
13,
6,
-6,
-2,
-11,
20,
-24,
0,
-6,
7,
-3,
-2,
5,
-12,
15,
-6,
-9,
-1,
-9,
20,
36,
2,
-21,
14,
10,
4,
-15,
2,
-20,
7,
-11,
-4,
11,
24,
21,
8,
0,
-17,
-24,
6,
-6,
6,
16,
-21,
8,
-5,
-6,
12,
-9,
-5,
9,
9,
12,
-4,
1,
-23,
0,
11,
-2,
-3,
10,
7,
-13,
11,
13,
11,
-13,
-1,
-39,
18,
-2,
10,
17,
-29,
19,
-3,
-17,
-42,
7,
-9,
7,
9,
-20,
27,
7,
5,
-12,
-12,
-4,
5,
34,
7,
-6,
8,
-9,
3,
-1,
-7,
4,
-3,
-9,
-7,
-11,
-5,
-6,
0,
-21,
-10,
8,
9,
6,
10,
12,
-6,
-5,
1,
23,
5,
5,
7,
3,
21,
16,
4,
15,
-5,
17,
-14,
-10,
-30,
-3,
-18,
6,
-6,
-2,
6,
-12,
-19,
10,
-4,
16,
3,
-9,
8,
5,
-14,
5,
-21,
-1,
0,
25,
15,
-15,
-16,
-12,
-16,
3,
5,
-14,
27,
-5,
10,
2,
-5,
4,
12,
-5,
-1,
3,
-2,
-44,
1,
10,
-5,
-10,
-22,
1,
-2,
3,
-3,
7,
11,
-3,
-11,
-11,
-4,
3,
-4,
-4,
0,
2,
0,
-6,
19,
-20,
-1,
2,
3,
-7,
-11,
-14,
-3,
5,
-3,
7,
5,
3,
17,
-8,
8,
-2,
-4,
4,
15,
-2,
-12,
-9,
10,
5,
-12,
2,
-10,
8,
17,
-12,
2,
10,
-2,
-3,
13,
3,
3,
8,
-4,
23,
-16,
10,
-3,
3,
3,
-4,
15,
-11,
15,
-9,
-8,
1,
-2,
3,
3,
7,
-11,
-3,
-9,
5,
-17,
-5,
-7,
19,
1,
-1,
6,
4,
2,
-13,
-7,
12,
-2,
8,
-20,
-18,
-8,
-13,
-2,
0,
7,
4,
-9,
7,
10,
29,
-23,
10,
-5,
5,
2,
16,
9,
3,
10,
6,
-23,
-2,
-5,
-4,
12,
5,
5,
-3,
-5,
-12,
-3,
-7,
16,
2,
5,
3,
5,
19,
2,
19,
-8,
-7,
15,
1,
-30,
3,
-1,
-18,
10,
-13,
18,
2,
-10,
-1,
6,
2,
10,
3,
-6,
-6,
6,
3,
-23,
4,
10,
-17,
2,
4,
10,
7,
-9,
6,
14,
3,
-5,
3,
-2,
8,
-1,
1,
-6,
-7,
-6,
6,
35,
12,
-6,
-14,
-17,
3,
-7,
-1,
-3,
6,
-3,
-3,
-8,
8,
6,
5,
-1,
-6,
7,
-23,
-3,
-4,
-21,
1,
10,
-3,
-11,
-17,
11,
4,
13,
4,
-8,
9,
2,
7,
14,
-8,
-9,
10,
-5,
1,
5,
-20,
32,
-10,
10,
7,
12,
-10,
1,
2,
-14,
1,
7,
-6,
-10,
13,
1,
-5,
-14,
9,
-16,
-6,
-27,
-25,
4,
-15,
-18,
-8,
-48,
-8,
-20,
-19,
-13,
6,
10,
-13,
-21,
-21,
1,
-4,
-8,
16,
-23,
38,
2,
-14,
9,
-15,
-9,
-16,
-3,
-8,
24,
-1,
1,
19,
11,
-10,
-6,
46,
8,
9,
-2,
-20,
5,
7,
-11,
-20,
28,
-2,
12,
-7,
-10,
41,
-34,
11,
5,
-6,
6,
3,
9,
8,
-3,
-8,
9,
0,
-15,
-36,
13,
21,
-26,
3,
22,
-2,
-3,
20,
-2,
-4,
-6,
8,
15,
9,
15,
20,
4,
-13,
32,
13,
-8,
-36,
7,
20,
-5,
-6,
-6,
-10,
7,
-6,
21,
4,
-16,
-8,
-3,
-8,
-28,
1,
-8,
5,
23,
4,
21,
30,
2,
2,
-21,
0,
3,
-11,
-5,
-12,
-10,
-4,
11,
-10,
4,
-14,
20,
3,
-2,
-6,
-27,
-3,
11,
-38,
-21,
1,
-8,
21,
6,
5,
-15,
8,
22,
-19,
10,
12,
-3,
-11,
14,
-16,
-26,
40,
-3,
2,
-19,
2,
0,
8,
4,
-1,
-11,
-12,
1,
-9,
9,
5,
-12,
-5,
-6,
-18,
8,
-14,
-3,
1,
8,
19,
-6,
-11,
-1,
1,
-7,
-2,
-13,
20,
-12,
-15,
-8,
9,
-12,
0,
-7,
-14,
-1,
0,
-4,
-2,
8,
-1,
-24,
10,
2,
20,
1,
-16,
10,
-20,
-6,
0,
17,
-8,
-2,
-12,
-5,
16,
-8,
-3,
3,
13,
4,
14,
18,
17,
2,
21,
-12,
-6,
-9,
1,
10,
9,
-6,
5,
8,
-6,
-14,
-1,
1,
8,
2,
1,
-2,
7,
8,
26,
10,
-4,
19,
8,
-11,
-13,
8,
13,
7,
-1,
8,
1,
14,
13,
28,
6,
-30,
9,
1,
19,
-23,
3,
-9,
-7,
7,
1,
5,
15,
13,
2,
-17,
-7,
-5,
-7,
7,
-12,
3,
-18,
-13,
-13,
12,
-6,
7,
4,
16,
-20,
-19,
-16,
1,
-8,
15,
13,
-15,
11,
-13,
25,
-9,
-1,
12,
-3,
15,
-9,
-19,
-4,
-10,
10,
-2,
21,
-1,
6,
-13,
-4,
-10,
5,
-20,
1,
2,
-13,
-14,
-11,
10,
2,
5,
-6,
-3,
-8,
-1,
-9,
-7,
-11,
6,
-6,
-21,
3,
8,
22,
-9,
2,
-12,
31,
-18,
5,
-15,
3,
-9,
-2,
3,
-10,
4,
-9,
-6,
-3,
11,
7,
5,
3,
-10,
2,
15,
-27,
5,
-8,
2,
-10,
20,
-11,
-9,
11,
-3,
10,
-20,
7,
-19,
-1,
-1,
-6,
6,
10,
10,
1,
5,
13,
-16,
-4,
-5,
10,
-19,
15,
7,
-6,
11,
-2,
-10,
3,
3,
1,
-1,
12,
10,
21,
-1,
1,
18,
-6,
-10,
-28,
6,
18,
9,
-5,
8,
-4,
5,
2,
28,
0,
-15,
8,
2,
8,
-26,
12,
-24,
-19,
5,
-16,
2,
-7,
9,
-1,
-12,
6,
0,
-2,
1,
-6,
-2,
2,
1,
-10,
-2,
-16,
10,
19,
-9,
-13,
-32,
-1,
-1,
-13,
-13,
0,
-10,
22,
-7,
1,
7,
-3,
18,
-6,
25,
9,
-13,
-5,
-8,
-15,
-16,
8,
10,
8,
-2,
8,
5,
6,
-18,
5,
21,
-1,
-37,
-19,
43,
-38,
10,
21,
-56,
11,
-28,
0,
10,
-9,
-3,
-31,
-25,
-8,
18,
9,
-17,
14,
-36,
39,
-1,
3,
-1,
-11,
12,
-23,
9,
21,
23,
-37,
-6,
18,
26,
1,
3,
29,
-39,
2,
22,
-29,
22,
-10,
17,
-10,
26,
6,
9,
17,
10,
22,
-45,
17,
-24,
-25,
-17,
-24,
4,
-9,
8,
-33,
12,
22,
-39,
-22,
-15,
20,
3,
-2,
29,
-26,
19,
0,
-22,
20,
-19,
18,
-12,
-9,
0,
23,
-5,
7,
-3,
4,
-20,
-35,
12,
34,
2,
1,
-8,
-4,
-6,
-14,
30,
-23,
10,
9,
-4,
0,
-37,
-3,
-35,
-21,
35,
-27,
-5,
8,
-3,
2,
-12,
37,
6,
3,
-3,
19,
-8,
26,
28,
14,
12,
-19,
22,
2,
-47,
-19,
-38,
3,
8,
-19,
-40,
-12,
-15,
44,
-18,
-30,
14,
12,
44,
-15,
-1,
18,
-8,
-5,
8,
-36,
-19,
8,
-3,
9,
-7,
-1,
11,
-9,
0,
8,
-2,
-12,
1,
-3,
4,
10,
-4,
-3,
5,
-7,
4,
7,
-1,
14,
22,
-12,
0,
-6,
10,
6,
-15,
-3,
12,
10,
3,
9,
-8,
15,
-2,
0,
-3,
-8,
-12,
6,
-8,
4,
-4,
-8,
0,
1,
-13,
4,
9,
5,
-9,
-5,
10,
-2,
-2,
4,
-11,
15,
14,
11,
-9,
-16,
1,
5,
-15,
-7,
-4,
-16,
14,
-17,
13,
-6,
-1,
-10,
19,
-6,
8,
-13,
2,
-9,
-8,
1,
-10,
5,
-1,
0,
7,
-11,
0,
9,
0,
-1,
1,
-4,
-15,
-6,
-13,
1,
-5,
-4,
-7,
-2,
9,
-1,
-3,
8,
-2,
12,
-8,
-11,
-12,
9,
-8,
-1,
3,
-4,
-4,
18,
-9,
10,
-1,
3,
16,
0,
-10,
7,
9,
1,
-8,
12,
-7,
-2,
1,
-5,
-12,
-13,
-6,
-1,
-3,
4,
1,
5,
-16,
8,
-8,
-3,
-5,
16,
5,
-6,
5,
-10,
14,
-7,
-4,
-8,
1,
14,
-2,
5,
6,
-4,
13,
-21,
-11,
11,
-4,
-9,
2,
-13,
-9,
-16,
-23,
-1,
-8,
-5,
-13,
8,
-12,
2,
5,
-2,
-4,
7,
0,
7,
11,
0,
3,
1,
14,
-4,
9,
16,
-13,
-4,
-5,
-13,
-2,
-5,
-4,
1,
-12,
-7,
-1,
2,
-6,
13,
3,
8,
-25,
7,
0,
8,
-10,
0,
-4,
4,
11,
25,
13,
-8,
-9,
-8,
-8,
0,
1,
-9,
30,
-24,
1,
-14,
-7,
-3,
-9,
-5,
11,
8,
-1,
-48,
14,
4,
14,
-2,
-8,
6,
4,
-1,
-10,
10,
12,
-8,
3,
-14,
2,
1,
-4,
-4,
0,
6,
1,
-11,
22,
-1,
-13,
4,
5,
1,
-9,
4,
-6,
12,
-1,
3,
0,
-9,
17,
-7,
-1,
-9,
13,
7,
17,
-8,
-12,
-12,
3,
5,
-17,
0,
-18,
12,
11,
-12,
-2,
5,
0,
6,
0,
14,
14,
-7,
9,
23,
-8,
14,
0,
4,
2,
-7,
10,
-18,
22,
5,
-8,
-9,
1,
12,
0,
-9,
-2,
-8,
7,
-12,
-11,
16,
9,
12,
12,
0,
-5,
-6,
-19,
-15,
21,
-10,
-1,
4,
-12,
-12,
0,
-7,
5,
-12,
-14,
-7,
4,
9,
-1,
9,
3,
4,
2,
3,
-12,
-14,
-1,
14,
-9,
14,
-21,
5,
-9,
-9,
22,
8,
-15,
4,
-1,
-7,
-31,
3,
-4,
-5,
3,
3,
-14,
16,
10,
18,
-1,
10,
9,
-17,
-14,
13,
-6,
-31,
12,
-31,
-10,
4,
0,
-21,
20,
-14,
-14,
-2,
-24,
-12,
-11,
-2,
-19,
4,
11,
18,
3,
-4,
5,
18,
7,
5,
-6,
-9,
8,
2,
-8,
-6,
8,
10,
-11,
6,
19,
1,
-26,
-1,
6,
-8,
-23,
-8,
-8,
7,
-7,
9,
-15,
-2,
8,
-9,
4,
16,
8,
2,
18,
-2,
0,
-18,
-23,
-14,
-13,
-9,
1,
-10,
9,
2,
-9,
-8,
-20,
12,
12,
16,
15,
11,
7,
1,
0,
0,
-5,
-9,
-14,
-5,
0,
-5,
29,
-8,
-17,
-7,
0,
13,
19,
-10,
-18,
-4,
7,
-11,
0,
7,
5,
-1,
9,
3,
0,
4,
-13,
-3,
7,
-12,
-2,
9,
-10,
17,
-3,
10,
9,
-3,
5,
6,
-10,
4,
15,
5,
-2,
4,
0,
0,
1,
-7,
3,
10,
-12,
1,
-11,
15,
-13,
-6,
4,
13,
0,
-2,
-4,
-17,
-18,
2,
0,
3,
5,
-2,
-13,
4,
22,
2,
-3,
3,
4,
-6,
-21,
4,
15,
-8,
6,
-17,
-6,
17,
4,
-14,
22,
-12,
-20,
-2,
2,
10,
-8,
-5,
-15,
-9,
22,
12,
0,
-5,
-4,
19,
2,
8,
12,
-1,
12,
-8,
-22,
-19,
7,
2,
-1,
-10,
15,
6,
-12,
15,
2,
-5,
-10,
3,
-14,
13,
0,
20,
-10,
2,
-6,
9,
-12,
7,
-11,
-3,
12,
7,
-2,
-6,
-16,
-3,
1,
-12,
-4,
-21,
11,
5,
8,
1,
-12,
18,
-6,
12,
7,
8,
-17,
7,
6,
6,
-15,
0,
8,
-5,
-9,
-2,
1,
-23,
-16,
-21,
-2,
35,
-6,
-4,
-27,
-13,
3,
3,
0,
7,
-8,
5,
-5,
14,
7,
6,
-7,
9,
2,
4,
11,
4,
-20,
-10,
1,
-7,
8,
11,
7,
5,
-13,
-6,
-2,
9,
-6,
-1,
-3,
19,
7,
8,
0,
12,
16,
3,
3,
-2,
-9,
7,
5,
7,
-2,
6,
-2,
-12,
3,
-2,
3,
13,
-5,
-8,
-6,
16,
15,
4,
1,
11,
18,
7,
-11,
3,
6,
1,
23,
1,
-11,
3,
-2,
1,
10,
-4,
-5,
-4,
4,
-9,
8,
-6,
6,
10,
16,
-13,
1,
1,
-10,
7,
-4,
-1,
17,
1,
-12,
1,
-10,
-9,
4,
-2,
21,
-6,
6,
8,
7,
3,
-9,
2,
-1,
23,
-18,
15,
-1,
2,
-6,
6,
-9,
4,
1,
-14,
-4,
0,
5,
7,
-6,
0,
-10,
-5,
2,
7,
0,
-16,
0,
-5,
11,
0,
-11,
15,
-5,
26,
14,
-9,
-6,
14,
10,
11,
-1,
-13,
20,
-2,
-5,
-14,
-9,
-3,
-16,
-5,
-5,
5,
-14,
-8,
8,
-14,
-1,
10,
-1,
7,
-2,
0,
-6,
-5,
7,
-4,
1,
-9,
-1,
4,
9,
-10,
-16,
-13,
-5,
-12,
2,
5,
7,
2,
-11,
-8,
10,
15,
-3,
-3,
-12,
14,
4,
13,
-1,
4,
3,
0,
7,
-11,
-3,
17,
3,
-3,
-4,
5,
-1,
-20,
4,
-2,
12,
17,
-6,
-4,
-9,
9,
12,
11,
0,
4,
3,
12,
-14,
3,
1,
5,
17,
-1,
5,
3,
-4,
11,
12,
-4,
3,
1,
-3,
-11,
0,
-10,
-6,
3,
23,
-22,
-2,
11,
-10,
20,
-5,
11,
14,
0,
-13,
-3,
-6,
-7,
-2,
-13,
12,
-2,
4,
1,
8,
2,
-13,
2,
3,
15,
-12,
12,
-5,
-1,
-5,
2,
-4,
1,
2,
-9,
-8,
9,
5,
-1,
-4,
-2,
-14,
-1,
5,
2,
-5,
-20,
5,
4,
17,
3,
-12,
12,
7,
33,
13,
-9,
-13,
9,
14,
8,
6,
-2,
19,
-2,
-4,
-5,
-7,
-4,
-16,
-8,
0,
1,
-7,
0,
5,
-19,
14,
9,
-5,
7,
19,
-2,
9,
-12,
15,
8,
1,
-5,
-9,
-5,
-6,
-21,
3,
2,
-9,
-11,
13,
2,
12,
18,
-26,
-3,
28,
12,
-10,
8,
0,
4,
4,
3,
10,
-11,
-17,
-7,
-1,
2,
2,
6,
-6,
3,
-16,
-11,
6,
-19,
1,
-7,
6,
7,
-4,
-6,
-11,
-2,
14,
2,
7,
6,
-12,
-2,
-3,
-16,
11,
-9,
15,
4,
23,
4,
-11,
11,
3,
-12,
6,
12,
9,
-3,
-1,
7,
-29,
-14,
24,
-13,
-4,
7,
10,
28,
4,
28,
0,
4,
-4,
-17,
-17,
9,
-18,
-11,
-5,
-1,
10,
-10,
15,
10,
-1,
6,
-5,
0,
-3,
8,
-11,
12,
-6,
-1,
-19,
11,
-17,
1,
-6,
7,
12,
-8,
14,
15,
-23,
1,
26,
1,
-7,
-6,
4,
16,
27,
-14,
-5,
17,
12,
14,
-1,
-3,
-19,
7,
-6,
-6,
-3,
3,
-2,
-3,
-12,
2,
-7,
-8,
-6,
-7,
2,
-4,
-19,
8,
0,
-12,
11,
-8,
2,
7,
-2,
-3,
2,
-4,
-10,
9,
-8,
-3,
-4,
5,
-2,
-1,
11,
21,
8,
-5,
-8,
4,
9,
11,
-1,
-2,
18,
-8,
-2,
18,
12,
4,
-9,
-5,
-1,
-6,
-15,
1,
-7,
11,
-9,
-8,
8,
3,
-14,
4,
3,
7,
-5,
-1,
10,
2,
-6,
-4,
-10,
7,
10,
7,
6,
-5,
-1,
0,
-21,
-6,
14,
-3,
19,
-22,
13,
-17,
-9,
-5,
-5,
-14,
3,
11,
10,
-25,
1,
9,
-8,
-3,
-4,
7,
0,
-8,
8,
6,
-3,
-3,
-3,
-10,
-7,
-1,
-13,
4,
8,
2,
-6,
2,
1,
-6,
-14,
18,
-1,
3,
-8,
-3,
-1,
13,
-5,
5,
-5,
-7,
-3,
7,
-12,
9,
0,
5,
17,
-2,
-10,
-9,
0,
5,
-3,
6,
-15,
10,
12,
-2,
-8,
-8,
-5,
16,
0,
4,
1,
1,
-4,
16,
-4,
-2,
-6,
3,
6,
-2,
-1,
-18,
7,
-11,
-15,
-10,
5,
16,
3,
-3,
-4,
-2,
13,
-28,
-8,
5,
12,
-12,
10,
5,
-20,
-9,
-17,
-2,
-12,
-9,
0,
0,
-4,
17,
6,
-13,
-3,
13,
-7,
2,
0,
-8,
-7,
1,
3,
0,
-14,
6,
-14,
0,
10,
-3,
2,
7,
2,
-10,
2,
-19,
2,
-4,
3,
7,
17,
17,
-31,
0,
12,
1,
-11,
-20,
1,
-1,
12,
5,
5,
3,
4,
2,
-8,
12,
9,
-19,
20,
-19,
-2,
-35,
-5,
-12,
5,
-5,
7,
16,
-9,
-31,
10,
7,
3,
-2,
5,
3,
5,
-9,
-5,
12,
0,
-15,
17,
-25,
3,
11,
0,
0,
4,
8,
-2,
11,
30,
0,
-32,
-11,
-1,
-1,
-14,
-1,
-11,
14,
-3,
21,
-6,
-9,
9,
-1,
-8,
-5,
-4,
10,
14,
-4,
0,
-20,
20,
-6,
3,
5,
-6,
25,
4,
-26,
-13,
-5,
-3,
8,
10,
11,
2,
-16,
20,
23,
-6,
5,
-1,
-9,
0,
-14,
7,
-24,
38,
18,
-7,
-12,
0,
-4,
1,
-13,
-4,
7,
6,
-5,
-4,
13,
15,
-10,
13,
4,
-19,
11,
-18,
-3,
20,
5,
14,
8,
22,
-13,
-1,
-8,
39,
-21,
-28,
-2,
-1,
-9,
-10,
-11,
13,
5,
-18,
15,
-1,
-12,
4,
37,
-26,
16,
-30,
-1,
-5,
0,
16,
13,
-16,
0,
8,
9,
-50,
-6,
-30,
-3,
29,
-5,
-13,
12,
30,
12,
9,
17,
16,
-20,
-3,
27,
-18,
-32,
38,
-32,
-29,
6,
-3,
-38,
26,
2,
-20,
6,
-38,
-13,
-19,
9,
-28,
15,
-20,
20,
-9,
-15,
-5,
4,
17,
36,
-16,
-25,
-1,
0,
-16,
-19,
11,
2,
-25,
40,
46,
-25,
-43,
-13,
37,
-4,
-36,
-17,
-2,
-5,
-45,
9,
-1,
-9,
17,
-14,
12,
30,
4,
5,
5,
-16,
15,
-20,
-19,
-26,
2,
-15,
-2,
-16,
21,
-1,
-12,
-10,
-30,
-6,
19,
13,
9,
1,
21,
39,
6,
-12,
-3,
-27,
-36,
9,
-8,
-1,
24,
-7,
-8,
-12,
4,
3,
6,
-2,
-13,
2,
10,
7,
13,
15,
11,
6,
19,
-3,
-7,
15,
-7,
7,
-4,
9,
12,
-1,
-4,
1,
-7,
15,
25,
8,
-2,
17,
-3,
-15,
11,
5,
6,
15,
-4,
8,
2,
-2,
9,
25,
-21,
2,
-29,
-1,
-4,
2,
9,
6,
8,
-4,
9,
-15,
-18,
-4,
-7,
0,
16,
3,
-5,
0,
26,
6,
10,
1,
9,
-8,
-9,
9,
1,
-14,
27,
-13,
-15,
7,
-3,
-26,
14,
4,
-7,
8,
-7,
8,
-12,
-4,
-10,
-13,
11,
10,
-14,
-1,
-10,
2,
-2,
24,
4,
-5,
-13,
-3,
-27,
-22,
1,
3,
7,
8,
11,
-6,
4,
-1,
14,
1,
-9,
16,
6,
7,
-23,
7,
-7,
12,
2,
4,
-5,
4,
-3,
1,
7,
-5,
5,
-9,
-18,
-12,
11,
-3,
2,
-13,
24,
7,
14,
7,
-1,
-1,
12,
12,
4,
-1,
3,
23,
6,
7,
1,
1,
2,
-13,
1,
9,
3,
-22,
6,
-13,
10,
14,
-4,
-1,
-18,
-5,
-10,
7,
12,
-3,
10,
13,
13,
11,
0,
6,
-1,
6,
0,
15,
18,
3,
-5,
-9,
-1,
-8,
12,
17,
10,
7,
6,
-14,
5,
8,
-1,
-4,
-7,
16,
4,
11,
0,
2,
22,
5,
-4,
-8,
-14,
8,
9,
0,
6,
13,
-5,
-20,
-3,
3,
13,
18,
2,
-4,
5,
13,
23,
2,
9,
-8,
15,
0,
-12,
1,
2,
4,
32,
8,
-8,
-2,
2,
0,
16,
14,
9,
-2,
2,
5,
-1,
-9,
6,
2,
11,
-11,
-4,
5,
-13,
-10,
-4,
7,
23,
-5,
-20,
-4,
-22,
-9,
-3,
-10,
10,
-7,
1,
7,
14,
-6,
0,
-4,
8,
21,
-7,
8,
-7,
-12,
-10,
8,
-9,
12,
5,
-19,
-1,
-3,
2,
0,
11,
-4,
-14,
-3,
6,
11,
-6,
-3,
2,
-6,
1,
2,
-15,
12,
15,
26,
16,
-10,
7,
13,
9,
14,
16,
-10,
15,
0,
-10,
0,
-8,
-7,
4,
-5,
-1,
3,
4,
-3,
-2,
-15,
-21,
0,
33,
-12,
23,
-3,
-3,
-17,
0,
-6,
11,
5,
9,
20,
14,
-31,
-13,
-21,
-3,
-9,
24,
-5,
-7,
7,
-15,
-12,
15,
2,
1,
-18,
-15,
5,
8,
17,
22,
-23,
-8,
16,
4,
-19,
-12,
33,
3,
-8,
-14,
8,
4,
-15,
-23,
25,
11,
13,
20,
-1,
7,
-1,
19,
19,
8,
-23,
4,
20,
7,
10,
-20,
23,
25,
-14,
-17,
19,
6,
-8,
31,
19,
0,
1,
-10,
18,
10,
-19,
-7,
11,
10,
-21,
0,
4,
-12,
5,
1,
14,
20,
-5,
-6,
-17,
-24,
7,
-13,
-11,
-4,
-5,
9,
-29,
6,
-9,
-5,
-9,
13,
11,
-21,
-3,
-8,
10,
-9,
4,
20,
17,
-20,
-12,
-3,
-12,
4,
0,
28,
8,
10,
-7,
11,
-16,
-15,
-18,
21,
-23,
10,
10,
-25,
-15,
17,
2,
10,
5,
-4,
11,
23,
18,
36,
-5,
11,
-8,
3,
-5,
-19,
-49,
-1,
-27,
-6,
19,
-14,
5,
-33,
-17,
27,
19,
-3,
-11,
32,
-49,
5,
-29,
31,
4,
12,
21,
-12,
33,
-9,
-25,
18,
-21,
-7,
-15,
33,
6,
12,
22,
-25,
-10,
14,
8,
-15,
-35,
-9,
-15,
17,
17,
6,
-22,
-35,
-9,
1,
0,
31,
15,
-27,
6,
-30,
-29,
-13,
-30,
-47,
3,
-30,
9,
51,
16,
19,
9,
-2,
36,
13,
1,
-38,
24,
30,
34,
-19,
7,
28,
-34,
32,
16,
20,
17,
13,
-18,
6,
10,
9,
18,
8,
-13,
-41,
22,
18,
-17,
-11,
6,
27,
-8,
-2,
56,
-6,
-13,
-34,
-50,
-28,
0,
-39,
34,
-8,
16,
5,
-40,
14,
-17,
12,
-6,
32,
27,
-30,
-3,
-55,
-6,
18,
-38,
35,
36,
-44,
-16,
-16,
4,
5,
-5,
59,
21,
-31,
-1,
28,
-5,
-30,
-19,
47,
16,
20,
-3,
25,
-30,
24,
5,
-11,
-11,
-24,
23,
5,
16,
9,
22,
-3,
10,
4,
-10,
21,
-5,
-2,
-35,
-14,
-37,
-34,
-5,
-18,
-1,
19,
-2,
7,
0,
3,
-11,
-5,
-22,
4,
8,
1,
11,
-12,
21,
-2,
-12,
13,
18,
12,
9,
4,
28,
-6,
12,
8,
1,
22,
-3,
13,
3,
16,
-6,
-24,
11,
-5,
-17,
-30,
-27,
-4,
26,
-4,
7,
2,
5,
-16,
10,
-22,
0,
-3,
-11,
-4,
2,
3,
4,
-22,
-12,
13,
30,
3,
-3,
-24,
14,
12,
7,
2,
-3,
20,
-26,
11,
-4,
-13,
-5,
-4,
-4,
3,
18,
-1,
-25,
7,
-4,
-15,
9,
-20,
6,
2,
9,
15,
10,
-7,
17,
-9,
-18,
-16,
-11,
-9,
-8,
0,
20,
-23,
1,
0,
-5,
-18,
-5,
19,
0,
-6,
1,
-18,
5,
-20,
-10,
-8,
-15,
5,
10,
-17,
12,
0,
8,
13,
-8,
15,
-24,
-8,
11,
6,
-4,
-28,
6,
29,
-1,
15,
9,
6,
12,
-5,
4,
-3,
-2,
-3,
24,
9,
10,
-6,
0,
3,
7,
2,
-13,
7,
-31,
0,
-19,
-14,
10,
17,
14,
-13,
15,
13,
-46,
-12,
-2,
2,
-19,
-5,
-29,
-17,
-5,
-22,
-2,
-12,
-11,
-8,
-3,
-5,
2,
6,
-18,
20,
7,
-21,
4,
2,
2,
-5,
-13,
12,
8,
-3,
23,
-25,
3,
-11,
-26,
-12,
-9,
-13,
19,
-29,
4,
13,
-23,
-8,
8,
-6,
5,
-21,
-9,
-21,
30,
-3,
-41,
9,
-30,
45,
17,
20,
-12,
-24,
5,
14,
46,
7,
-19,
28,
-19,
-19,
-28,
-14,
-45,
17,
-7,
-1,
22,
-7,
-48,
8,
-23,
12,
6,
-27,
13,
34,
15,
-9,
9,
12,
-5,
-2,
-19,
-5,
11,
5,
15,
0,
-8,
-14,
14,
38,
5,
-37,
-39,
-8,
15,
-16,
-6,
-37,
11,
-21,
9,
-31,
-43,
1,
-13,
-3,
7,
-12,
-12,
-5,
-8,
6,
-41,
21,
-10,
37,
1,
-6,
29,
20,
-22,
37,
-2,
-1,
18,
2,
17,
22,
7,
14,
36,
7,
-13,
-6,
-60,
3,
11,
23,
-21,
23,
-21,
4,
-24,
-14,
16,
21,
12,
-29,
