# features.14.residual_branch.2._QL_REPLACED__INTEGERIZE_BN2D_SIGNED_ACT_PASS_14 (shape [7, 7, 160]),
-128,
120,
-7,
-117,
-47,
-47,
49,
-46,
-36,
-128,
-128,
-125,
-48,
-79,
102,
7,
7,
-85,
28,
68,
22,
-128,
-29,
-74,
-22,
-121,
88,
-31,
-105,
-128,
107,
-84,
-12,
-35,
14,
-22,
103,
120,
47,
127,
-14,
35,
117,
-96,
-52,
101,
-128,
36,
28,
-50,
82,
72,
-86,
72,
21,
-127,
-30,
-36,
-16,
127,
-28,
-82,
14,
-73,
-23,
-82,
-55,
-88,
-67,
-47,
54,
-6,
-15,
0,
-6,
66,
52,
41,
10,
25,
-68,
7,
123,
96,
54,
-25,
40,
2,
54,
3,
-29,
-29,
37,
-82,
3,
127,
59,
-15,
-30,
-23,
-128,
-18,
85,
26,
-90,
122,
-5,
-68,
-67,
-22,
93,
-81,
-50,
-76,
-22,
-39,
-121,
36,
52,
-29,
27,
124,
-14,
32,
-84,
53,
65,
48,
12,
-103,
25,
48,
-64,
-53,
-14,
66,
-3,
95,
-60,
120,
-2,
-16,
10,
35,
44,
-73,
97,
20,
-81,
113,
-127,
127,
-13,
-62,
127,
-128,
31,
-116,
-23,
48,
13,
-7,
-31,
-21,
-5,
13,
-28,
-8,
-10,
-37,
-4,
-1,
50,
-38,
-2,
3,
-11,
45,
-7,
39,
23,
-58,
42,
-12,
-14,
-14,
-10,
12,
35,
13,
38,
-8,
-45,
3,
1,
6,
-12,
-9,
12,
-17,
54,
-15,
12,
12,
-25,
1,
28,
6,
-3,
61,
-16,
-19,
46,
-20,
23,
21,
-10,
24,
5,
11,
26,
13,
-19,
-12,
19,
12,
-8,
-20,
-18,
26,
-7,
4,
38,
40,
24,
3,
4,
9,
-46,
15,
-37,
-6,
-27,
18,
-13,
12,
-5,
23,
43,
36,
56,
15,
-24,
13,
8,
-22,
20,
1,
22,
31,
10,
-11,
-10,
69,
4,
-26,
-23,
-18,
-17,
-15,
16,
49,
10,
7,
12,
-3,
-58,
39,
-17,
-42,
-28,
-9,
0,
-51,
-1,
-49,
7,
-61,
34,
13,
-29,
-28,
-12,
-25,
-6,
4,
11,
-25,
-36,
-12,
11,
33,
27,
40,
-7,
14,
9,
33,
-10,
-19,
1,
11,
20,
15,
-20,
43,
-36,
-19,
6,
30,
0,
-16,
-1,
-17,
-2,
-4,
31,
1,
-19,
-8,
-3,
-18,
5,
-9,
-1,
-5,
-20,
-5,
11,
24,
13,
-31,
1,
24,
-37,
-47,
8,
-14,
-10,
5,
-1,
-1,
-3,
19,
57,
-2,
1,
24,
-4,
-12,
38,
-25,
13,
-8,
-4,
23,
-9,
-18,
-26,
-9,
-5,
-13,
14,
-16,
-8,
-11,
-3,
-27,
1,
30,
1,
9,
-4,
-20,
-2,
30,
-1,
6,
13,
16,
32,
-27,
-11,
-19,
37,
32,
11,
-18,
-7,
11,
-5,
-14,
-11,
-7,
-22,
-11,
1,
0,
9,
31,
-12,
12,
12,
-1,
26,
-26,
38,
7,
0,
-16,
-9,
32,
3,
32,
-22,
17,
-13,
-9,
-19,
-39,
20,
-14,
17,
-14,
1,
-13,
4,
-32,
2,
-24,
-44,
-16,
-2,
7,
-11,
-16,
46,
-18,
35,
9,
-20,
-1,
24,
0,
16,
-13,
24,
-38,
-35,
1,
10,
26,
41,
7,
-6,
18,
-11,
13,
-12,
-1,
31,
12,
4,
-26,
62,
-17,
-9,
-16,
-25,
2,
0,
-9,
-3,
2,
-21,
-3,
24,
5,
-24,
-6,
3,
-20,
4,
-13,
-8,
1,
-14,
-3,
-2,
35,
18,
-23,
16,
31,
-31,
-64,
22,
-2,
-16,
1,
-9,
-4,
3,
11,
46,
7,
4,
4,
-2,
-2,
34,
-8,
5,
8,
-1,
16,
9,
-21,
-19,
-7,
13,
-23,
19,
-20,
-21,
14,
13,
-8,
-1,
18,
-7,
7,
0,
-14,
-3,
21,
-6,
-2,
1,
11,
27,
-21,
-10,
-14,
32,
20,
13,
0,
-15,
34,
-15,
-14,
-5,
-1,
-13,
-21,
16,
5,
8,
22,
-11,
10,
10,
-26,
27,
-26,
27,
3,
-5,
-18,
-1,
41,
0,
25,
-13,
28,
-13,
-1,
-15,
-31,
14,
2,
8,
-3,
11,
-13,
-5,
-23,
-14,
-24,
-33,
-15,
5,
1,
-6,
-5,
45,
-14,
33,
14,
-7,
4,
14,
-9,
15,
-7,
22,
-28,
-25,
2,
14,
22,
32,
11,
-7,
15,
-12,
14,
-7,
9,
29,
27,
1,
-15,
28,
-21,
-12,
-8,
-25,
-11,
1,
-5,
1,
3,
-16,
-4,
4,
6,
-3,
-9,
12,
1,
17,
5,
-3,
-8,
-1,
1,
2,
22,
30,
-6,
2,
9,
-24,
-10,
22,
-9,
-13,
3,
-11,
4,
-2,
-7,
12,
-4,
-2,
-13,
-10,
1,
-2,
-2,
2,
18,
4,
7,
9,
-1,
-11,
3,
8,
-20,
9,
-6,
-12,
0,
-10,
4,
6,
-2,
-15,
2,
1,
-5,
4,
10,
-16,
11,
-7,
-2,
3,
-5,
-2,
0,
31,
-4,
18,
0,
-10,
29,
-10,
9,
10,
1,
-2,
-19,
-1,
-7,
11,
19,
7,
-2,
6,
-27,
20,
0,
4,
-2,
-1,
-8,
8,
6,
-15,
9,
-17,
-1,
8,
0,
9,
-9,
-2,
-5,
6,
4,
3,
-2,
8,
-32,
1,
-10,
-19,
-5,
12,
-2,
-15,
8,
6,
-16,
3,
7,
-1,
-4,
0,
-11,
12,
19,
6,
-7,
-10,
5,
14,
7,
0,
21,
1,
7,
-17,
5,
-1,
17,
13,
11,
2,
-8,
29,
-15,
-1,
8,
-6,
-15,
-19,
11,
2,
4,
-15,
18,
5,
17,
14,
-14,
-2,
30,
9,
-16,
-3,
-12,
-7,
10,
3,
8,
2,
-2,
-10,
2,
-21,
-8,
6,
0,
13,
-7,
10,
-9,
-5,
10,
26,
-3,
-14,
-18,
-25,
-4,
-30,
-10,
7,
5,
-15,
-5,
4,
13,
-27,
-29,
-1,
-13,
-6,
24,
-5,
0,
-2,
-3,
-4,
-2,
-4,
1,
2,
2,
25,
20,
-14,
-2,
-7,
1,
-14,
-12,
-3,
-7,
7,
1,
5,
9,
2,
16,
5,
3,
0,
-8,
-1,
8,
-7,
4,
7,
9,
15,
0,
14,
-17,
7,
4,
-5,
-9,
-17,
4,
1,
7,
5,
8,
-9,
-8,
2,
-5,
-3,
1,
-10,
-16,
-9,
-18,
-13,
3,
-1,
-11,
15,
4,
-7,
-20,
9,
-8,
10,
-2,
7,
5,
-4,
-3,
17,
-6,
-8,
0,
13,
-3,
-16,
6,
7,
-6,
14,
-4,
-20,
17,
9,
-5,
-12,
-19,
-7,
-8,
5,
-18,
15,
-12,
-3,
-22,
-6,
0,
-16,
-16,
-23,
0,
-1,
4,
-13,
18,
-22,
18,
-1,
-9,
-2,
12,
12,
11,
3,
-1,
5,
3,
0,
11,
-7,
-7,
-12,
7,
-11,
0,
17,
-5,
7,
-2,
20,
-22,
0,
2,
3,
-12,
-16,
-6,
-7,
-12,
-20,
-14,
3,
-8,
-3,
-17,
-8,
3,
-4,
-13,
-4,
-1,
13,
11,
-10,
6,
-2,
-5,
4,
4,
8,
1,
-12,
-8,
14,
16,
2,
3,
0,
3,
-15,
-4,
-24,
1,
26,
1,
-20,
29,
-14,
15,
19,
2,
0,
-2,
-4,
8,
-1,
9,
15,
6,
-2,
-12,
10,
-2,
5,
2,
-5,
-12,
-21,
-4,
29,
6,
26,
33,
-15,
-10,
17,
11,
10,
7,
-18,
0,
11,
-8,
14,
1,
2,
-8,
13,
0,
-5,
-18,
33,
-11,
-1,
27,
11,
6,
-11,
-10,
21,
5,
-11,
2,
12,
-8,
-18,
8,
13,
0,
5,
14,
-16,
16,
8,
-5,
-5,
-15,
-5,
-8,
-14,
-17,
8,
-22,
-11,
-5,
-19,
-5,
-2,
-11,
7,
-24,
16,
-11,
-16,
26,
-17,
-9,
7,
-41,
7,
22,
11,
12,
-4,
19,
21,
18,
0,
-30,
-18,
-40,
-11,
8,
-25,
63,
-22,
-6,
-20,
-10,
58,
11,
-2,
2,
-54,
28,
-31,
19,
5,
12,
-23,
8,
-39,
-3,
3,
-11,
36,
-17,
-14,
32,
5,
0,
19,
-2,
-31,
8,
4,
55,
1,
12,
2,
55,
3,
5,
73,
-23,
65,
5,
-55,
28,
-46,
11,
28,
12,
-5,
-65,
-27,
4,
18,
-8,
-11,
-26,
-19,
-10,
1,
61,
-19,
-10,
17,
-15,
48,
8,
0,
36,
29,
-11,
-6,
36,
-34,
16,
18,
-19,
-7,
32,
35,
-26,
40,
29,
40,
-107,
2,
24,
81,
-2,
-15,
16,
-35,
5,
2,
-7,
39,
0,
36,
-55,
21,
-57,
2,
-22,
14,
37,
37,
-1,
-20,
4,
-17,
-20,
6,
0,
23,
-47,
-4,
-5,
-20,
14,
1,
13,
-18,
-4,
-6,
-56,
-42,
-59,
-3,
31,
-83,
64,
-25,
37,
3,
-20,
13,
23,
-21,
-14,
-8,
-15,
20,
-29,
7,
-13,
6,
-9,
7,
-5,
-16,
-15,
-2,
44,
-8,
-1,
18,
-4,
27,
7,
-10,
-27,
-4,
30,
-5,
-6,
-4,
-28,
22,
-6,
20,
5,
-8,
9,
12,
7,
11,
9,
6,
-2,
2,
6,
22,
-6,
-2,
12,
-17,
0,
18,
0,
27,
-9,
22,
3,
-1,
-5,
5,
6,
7,
-23,
11,
11,
27,
20,
-14,
14,
7,
-25,
4,
-2,
43,
12,
6,
-4,
5,
-19,
1,
9,
-5,
31,
2,
8,
3,
10,
17,
21,
-3,
17,
1,
-12,
3,
9,
15,
-9,
-14,
-9,
-9,
2,
-24,
-9,
12,
37,
-19,
4,
-6,
-15,
13,
-27,
-1,
-11,
-14,
-14,
4,
13,
-6,
-35,
2,
-3,
13,
4,
-11,
-29,
40,
-22,
-5,
-10,
-10,
10,
-29,
-4,
-12,
8,
-1,
-3,
-30,
7,
-12,
5,
6,
22,
-13,
-11,
-7,
-1,
-19,
-3,
18,
10,
11,
-4,
9,
20,
7,
4,
-20,
-5,
32,
0,
-41,
-17,
9,
8,
25,
4,
7,
-4,
-34,
-53,
-17,
-8,
3,
1,
-22,
2,
13,
-16,
3,
5,
27,
-20,
15,
-29,
18,
18,
-20,
7,
2,
-7,
16,
4,
24,
7,
6,
9,
16,
-24,
20,
-46,
-4,
-46,
2,
0,
-25,
4,
-7,
-6,
-10,
31,
29,
9,
6,
-28,
39,
-34,
-12,
22,
-20,
-18,
16,
-24,
-42,
15,
33,
-22,
33,
-24,
16,
-23,
14,
-16,
3,
10,
-22,
-16,
-16,
-10,
-4,
15,
27,
-7,
-30,
1,
-9,
-4,
5,
33,
-4,
18,
11,
29,
4,
-2,
24,
-2,
41,
-27,
-4,
18,
8,
1,
8,
31,
-14,
13,
-32,
-4,
8,
-7,
-18,
-44,
-15,
-23,
-23,
-3,
16,
-26,
-27,
-9,
-12,
12,
-27,
-4,
50,
-13,
3,
-10,
18,
-7,
24,
-21,
-12,
3,
12,
11,
-11,
18,
-19,
29,
2,
-8,
-2,
-53,
22,
26,
-6,
-21,
-1,
45,
14,
-8,
33,
28,
-8,
-16,
8,
27,
12,
29,
-33,
-4,
1,
-8,
28,
-13,
10,
0,
-11,
-34,
-11,
4,
1,
3,
-20,
0,
11,
3,
12,
0,
22,
5,
4,
-50,
13,
23,
-11,
1,
-8,
2,
13,
-1,
13,
2,
-3,
-8,
21,
-15,
13,
-9,
-10,
-18,
12,
-22,
-8,
-5,
-13,
-13,
16,
0,
20,
1,
-4,
-18,
38,
-19,
-8,
13,
-16,
-6,
15,
-30,
-27,
7,
26,
-6,
9,
-13,
3,
-1,
0,
-1,
16,
4,
-21,
2,
-13,
-9,
4,
9,
-11,
-6,
-14,
-3,
12,
-1,
3,
19,
-16,
6,
-5,
10,
4,
3,
14,
-10,
0,
-4,
4,
6,
-10,
-18,
2,
27,
-18,
20,
-10,
24,
24,
-6,
-13,
-27,
-2,
-26,
-13,
13,
-11,
-11,
-23,
-4,
1,
9,
-11,
-5,
33,
0,
11,
-11,
16,
-6,
13,
-21,
-15,
-5,
19,
1,
-12,
-3,
-16,
30,
11,
-6,
-16,
-33,
18,
20,
-8,
-13,
-9,
42,
7,
6,
11,
28,
-19,
2,
2,
20,
8,
7,
-12,
6,
-2,
-16,
4,
-16,
5,
-4,
26,
-6,
11,
14,
0,
-4,
-5,
8,
8,
8,
29,
-3,
20,
7,
-10,
-20,
-3,
7,
-20,
-11,
-4,
18,
9,
-7,
-8,
4,
-6,
-4,
4,
3,
-7,
10,
-3,
9,
4,
-1,
-6,
5,
-6,
9,
19,
-4,
-6,
-1,
-3,
-13,
7,
16,
15,
-2,
-22,
0,
12,
-9,
-11,
8,
1,
7,
5,
0,
5,
10,
-5,
1,
32,
3,
-2,
-12,
0,
13,
-13,
18,
4,
-9,
-10,
-3,
14,
-10,
4,
11,
-4,
-2,
1,
-21,
15,
3,
19,
-11,
-23,
10,
-4,
-8,
-10,
-17,
4,
4,
-5,
12,
9,
8,
14,
-20,
5,
3,
-6,
-12,
9,
3,
0,
0,
-9,
12,
16,
0,
-2,
-4,
18,
-11,
12,
1,
-10,
14,
4,
-14,
-6,
9,
10,
-1,
-12,
2,
-4,
19,
-3,
16,
3,
4,
0,
7,
-10,
17,
-3,
18,
1,
12,
16,
3,
-9,
22,
-7,
-6,
0,
13,
10,
11,
6,
4,
-1,
2,
14,
-19,
12,
11,
-1,
-3,
-1,
3,
0,
17,
24,
-4,
9,
-9,
1,
6,
-1,
-17,
1,
11,
-5,
-5,
8,
1,
3,
18,
18,
1,
-2,
-21,
-16,
3,
-24,
3,
8,
3,
-22,
-16,
-2,
15,
-6,
-13,
-1,
-5,
-8,
17,
5,
4,
-1,
9,
16,
-1,
-1,
-3,
4,
-2,
6,
2,
-11,
-5,
15,
1,
-11,
1,
-10,
-3,
2,
-5,
-10,
1,
10,
18,
6,
19,
3,
-5,
-6,
4,
8,
-8,
16,
20,
6,
2,
14,
-6,
8,
8,
2,
-1,
-7,
-2,
0,
-8,
12,
1,
5,
-13,
3,
4,
-19,
4,
-15,
-22,
10,
1,
-14,
-11,
8,
13,
5,
4,
13,
-7,
-4,
-7,
4,
2,
4,
-7,
14,
-17,
3,
13,
10,
-11,
3,
-15,
2,
0,
5,
-2,
2,
-5,
-7,
10,
4,
4,
-6,
7,
1,
-10,
-13,
-13,
3,
-1,
-26,
-1,
-4,
-5,
-21,
-14,
-3,
3,
-10,
8,
4,
-3,
-11,
12,
2,
8,
3,
11,
10,
4,
-3,
-6,
-15,
28,
13,
3,
9,
14,
6,
17,
14,
4,
2,
6,
-19,
-7,
2,
-7,
6,
1,
22,
-25,
-1,
-19,
-15,
4,
-23,
11,
6,
-9,
12,
-16,
-8,
8,
-3,
8,
0,
7,
2,
0,
-1,
-15,
-7,
7,
4,
-11,
1,
2,
-13,
-8,
-1,
-3,
-3,
12,
6,
12,
-15,
1,
-18,
-8,
13,
10,
2,
16,
-2,
5,
11,
9,
2,
14,
-1,
-1,
-1,
-14,
21,
17,
0,
6,
14,
-1,
6,
1,
-6,
-5,
-11,
4,
8,
1,
13,
-8,
-14,
-14,
22,
10,
-8,
10,
-7,
-7,
17,
-4,
21,
-1,
8,
7,
-8,
-12,
5,
-4,
8,
-1,
8,
10,
-6,
10,
6,
-17,
24,
16,
-10,
-18,
19,
1,
-6,
-2,
5,
22,
-7,
9,
-4,
19,
12,
5,
-4,
-16,
3,
-1,
8,
-2,
16,
-15,
-10,
-3,
4,
-8,
-9,
-20,
2,
6,
-13,
6,
-2,
-17,
17,
-1,
7,
-6,
20,
0,
10,
10,
-6,
8,
-7,
10,
2,
-10,
9,
11,
11,
-1,
9,
-4,
-15,
9,
-12,
-17,
2,
4,
10,
14,
-9,
-9,
3,
22,
-3,
-3,
-23,
14,
2,
-3,
14,
7,
6,
2,
0,
5,
11,
-3,
9,
-15,
-4,
7,
6,
15,
-3,
-20,
3,
3,
15,
-5,
10,
8,
12,
5,
-8,
2,
-1,
-17,
-2,
-10,
2,
3,
20,
2,
17,
-21,
-4,
3,
10,
-7,
2,
12,
2,
-18,
6,
2,
-11,
1,
9,
-3,
-5,
3,
-15,
-6,
6,
-5,
2,
-1,
-3,
0,
10,
-8,
1,
0,
-13,
3,
-5,
-6,
8,
-14,
8,
-13,
-5,
4,
26,
-11,
6,
0,
21,
23,
-8,
7,
-12,
5,
4,
1,
20,
17,
-8,
-14,
10,
2,
-15,
-4,
2,
10,
12,
2,
8,
19,
-14,
-9,
-10,
-4,
4,
-11,
13,
-4,
-2,
11,
-15,
7,
8,
-4,
-14,
-18,
8,
13,
-11,
5,
3,
-25,
13,
-29,
-14,
-3,
15,
13,
11,
6,
-1,
-29,
-6,
18,
-12,
17,
25,
2,
22,
10,
-2,
2,
-16,
24,
-27,
-23,
-12,
3,
12,
-6,
1,
-1,
-19,
15,
11,
0,
-6,
20,
4,
9,
35,
4,
3,
7,
0,
10,
28,
-19,
4,
-27,
-9,
7,
18,
-2,
-2,
-14,
-4,
23,
20,
-2,
-3,
8,
7,
-7,
-13,
24,
14,
7,
11,
12,
5,
8,
25,
-15,
3,
-19,
-4,
-1,
1,
14,
26,
-19,
0,
-19,
-2,
2,
0,
16,
-1,
-18,
1,
8,
15,
-4,
-15,
5,
-9,
-14,
-34,
-40,
-6,
9,
7,
12,
7,
2,
0,
-8,
8,
-5,
-12,
19,
5,
5,
12,
21,
11,
0,
7,
16,
21,
-12,
25,
-4,
12,
8,
-31,
18,
-4,
8,
-14,
14,
-3,
-9,
-13,
-9,
-6,
16,
0,
10,
-10,
14,
-16,
18,
-24,
2,
7,
12,
11,
-2,
-4,
11,
-1,
22,
18,
-7,
1,
33,
-26,
-5,
-6,
-18,
30,
2,
-13,
-14,
-11,
-6,
-15,
8,
9,
-9,
-2,
13,
-15,
-11,
24,
8,
7,
-8,
12,
-12,
-11,
19,
-5,
-13,
-10,
11,
-2,
4,
22,
-2,
1,
27,
5,
12,
-4,
13,
-1,
-15,
18,
0,
3,
11,
4,
-8,
3,
-13,
-12,
-20,
17,
6,
14,
-38,
1,
13,
-1,
1,
-25,
-16,
-3,
16,
35,
-7,
10,
24,
23,
16,
21,
27,
-37,
10,
13,
-17,
-9,
-33,
-5,
-29,
10,
27,
13,
-29,
-7,
-7,
23,
-4,
-7,
3,
27,
5,
3,
16,
25,
-8,
9,
5,
2,
-2,
-41,
-65,
26,
13,
8,
25,
2,
-4,
16,
10,
-5,
-5,
-21,
6,
-37,
-7,
3,
38,
6,
-2,
11,
-2,
8,
-1,
9,
11,
38,
2,
-23,
-4,
4,
25,
-21,
-10,
-9,
-15,
26,
-10,
-13,
-10,
-17,
1,
-19,
-24,
2,
39,
-21,
-14,
-6,
10,
24,
-2,
-7,
22,
-5,
-7,
26,
-4,
-1,
24,
-11,
-3,
-13,
-13,
20,
-23,
-15,
-19,
14,
15,
-2,
12,
-4,
-16,
-11,
7,
-25,
23,
34,
-15,
2,
14,
2,
-5,
-15,
6,
-10,
-15,
-8,
14,
2,
-8,
27,
-8,
8,
18,
10,
13,
-8,
18,
2,
9,
19,
-16,
17,
14,
-6,
3,
20,
-16,
-14,
-23,
-10,
-15,
14,
-16,
-13,
11,
-4,
9,
-12,
-8,
-14,
-4,
31,
6,
8,
48,
27,
20,
19,
28,
-6,
7,
30,
-14,
-11,
-8,
35,
-32,
-2,
18,
24,
-38,
-3,
6,
3,
4,
-21,
-10,
20,
-1,
11,
22,
23,
-21,
-22,
18,
-10,
-20,
-33,
-58,
13,
3,
10,
22,
18,
2,
15,
4,
14,
-2,
-6,
11,
-1,
-14,
-12,
33,
-3,
5,
14,
-2,
6,
-12,
3,
-7,
39,
-1,
-9,
-7,
0,
22,
-14,
-9,
-3,
-19,
17,
-4,
-4,
9,
-15,
18,
-6,
-1,
9,
34,
-29,
-11,
-12,
8,
13,
-8,
-22,
11,
5,
-3,
19,
-12,
10,
-4,
-10,
5,
-8,
-23,
1,
-13,
-9,
3,
27,
14,
1,
15,
-19,
-5,
-5,
-4,
-5,
12,
18,
-17,
17,
7,
-11,
-5,
-7,
-1,
-11,
-2,
-8,
7,
-3,
-7,
2,
6,
-5,
9,
7,
13,
-3,
12,
15,
13,
13,
-4,
-9,
7,
1,
13,
5,
2,
-21,
-18,
-4,
-7,
-3,
8,
-6,
-6,
-9,
4,
11,
14,
-19,
-3,
25,
15,
18,
12,
10,
11,
-6,
16,
5,
0,
15,
-7,
5,
-3,
10,
-13,
14,
-6,
0,
-10,
11,
-4,
-5,
-1,
2,
-4,
19,
-27,
14,
0,
20,
-4,
-26,
11,
-19,
-20,
-14,
-20,
8,
-4,
3,
5,
11,
2,
13,
-18,
2,
-1,
-4,
11,
8,
-3,
-4,
14,
-4,
16,
5,
5,
13,
-14,
7,
-5,
6,
4,
-17,
8,
-1,
25,
-14,
18,
8,
-4,
-10,
2,
3,
7,
-8,
15,
-3,
1,
-1,
22,
-14,
8,
-1,
4,
-3,
-4,
-12,
-7,
0,
14,
12,
-1,
12,
4,
-12,
5,
5,
-4,
7,
-1,
-1,
-2,
12,
22,
-6,
-1,
-14,
9,
-11,
-5,
6,
-1,
10,
-11,
19,
1,
4,
-19,
1,
2,
-7,
-6,
1,
18,
6,
7,
0,
1,
3,
-11,
1,
-5,
-8,
22,
3,
10,
-18,
-2,
-9,
-2,
-1,
3,
5,
4,
0,
-10,
2,
9,
-1,
3,
-1,
-8,
-11,
-3,
9,
6,
1,
9,
-3,
12,
22,
8,
-17,
-7,
1,
8,
2,
-9,
1,
-10,
13,
20,
-2,
-2,
6,
-10,
-2,
3,
5,
-6,
4,
8,
10,
-2,
9,
-4,
7,
12,
6,
16,
-19,
12,
12,
4,
7,
-14,
-3,
0,
10,
-2,
-6,
2,
-5,
-3,
10,
-5,
-15,
-8,
-3,
7,
1,
4,
4,
5,
10,
-1,
13,
5,
10,
2,
15,
0,
-8,
10,
11,
6,
1,
7,
2,
-13,
-9,
-2,
-5,
-8,
6,
4,
-1,
-5,
8,
12,
-5,
6,
-19,
-9,
5,
2,
-20,
5,
4,
-3,
2,
2,
3,
0,
-5,
7,
7,
-2,
4,
4,
-2,
2,
0,
17,
-2,
3,
3,
-4,
-28,
12,
1,
5,
5,
20,
10,
13,
20,
3,
14,
3,
-22,
-11,
5,
0,
10,
7,
13,
-22,
2,
-15,
-5,
2,
-17,
24,
-5,
8,
-1,
-15,
-16,
1,
-3,
8,
13,
6,
-1,
-13,
-4,
3,
-8,
8,
-5,
-18,
-1,
-4,
-6,
9,
2,
-3,
-8,
9,
-7,
23,
-14,
-1,
-6,
-6,
14,
5,
-6,
7,
11,
4,
0,
12,
2,
9,
-1,
-10,
-2,
-11,
8,
14,
-4,
6,
18,
13,
10,
5,
-8,
13,
-9,
13,
10,
18,
18,
-14,
-11,
-9,
22,
4,
-12,
12,
3,
2,
10,
-14,
11,
-2,
-8,
13,
5,
-10,
7,
-6,
21,
-12,
4,
18,
6,
11,
0,
-10,
8,
3,
-3,
-10,
9,
-3,
5,
3,
1,
6,
-14,
0,
5,
-4,
17,
-1,
-8,
-16,
1,
4,
-14,
7,
31,
1,
0,
-4,
4,
-3,
0,
-10,
4,
-6,
3,
12,
-5,
-4,
30,
-10,
3,
-2,
18,
6,
6,
2,
-1,
13,
-11,
1,
0,
12,
1,
10,
6,
-2,
2,
-6,
-16,
2,
5,
-2,
-6,
0,
21,
10,
6,
-15,
19,
30,
5,
-5,
-6,
6,
12,
20,
6,
20,
1,
15,
-8,
14,
12,
-5,
3,
-5,
-8,
10,
0,
-3,
4,
-28,
8,
5,
5,
3,
9,
2,
5,
7,
-22,
14,
17,
-11,
-18,
-3,
5,
6,
7,
12,
12,
-14,
-2,
-6,
-2,
-10,
4,
9,
1,
-22,
18,
0,
-17,
-4,
-5,
-7,
-3,
2,
-15,
-12,
-13,
9,
8,
9,
1,
-3,
6,
-13,
-8,
-5,
-7,
-5,
-5,
-8,
-12,
-5,
12,
-4,
-4,
17,
9,
-8,
14,
-12,
14,
22,
-4,
-6,
11,
15,
-19,
8,
12,
14,
-8,
-16,
5,
-5,
5,
7,
-8,
1,
12,
1,
33,
7,
0,
14,
-2,
3,
-3,
-2,
-5,
3,
4,
-3,
-5,
-12,
2,
-5,
-2,
-1,
12,
-8,
10,
4,
10,
-6,
11,
-33,
-19,
4,
24,
22,
13,
2,
-18,
1,
-7,
-18,
3,
14,
0,
-13,
-6,
10,
9,
15,
-1,
0,
18,
-4,
-3,
1,
0,
-15,
2,
-13,
3,
9,
-3,
-6,
-6,
21,
3,
30,
12,
16,
10,
5,
-2,
16,
5,
6,
-6,
-8,
9,
1,
-6,
-1,
6,
-9,
-7,
18,
10,
-8,
5,
-6,
26,
10,
-1,
22,
-2,
-7,
-1,
11,
-9,
-7,
-8,
2,
0,
1,
16,
2,
-12,
8,
3,
-4,
9,
-7,
-21,
10,
-6,
24,
8,
-17,
-11,
-5,
1,
-3,
-17,
-1,
5,
-12,
-2,
-3,
21,
-26,
-3,
-5,
-9,
-4,
8,
-9,
-3,
12,
-1,
-9,
17,
3,
15,
10,
15,
-1,
27,
23,
-2,
-8,
10,
-2,
10,
3,
-9,
22,
6,
1,
-28,
10,
7,
-6,
-30,
7,
-5,
0,
8,
7,
5,
-8,
3,
33,
-15,
20,
8,
-37,
11,
-12,
13,
-7,
-3,
-4,
12,
-2,
7,
-10,
14,
8,
-5,
-17,
1,
-6,
-6,
-7,
33,
20,
24,
10,
-20,
5,
-8,
12,
-28,
27,
5,
-16,
5,
5,
14,
11,
-1,
-5,
5,
-16,
3,
2,
11,
-14,
6,
-13,
6,
8,
-4,
10,
-24,
18,
-15,
7,
6,
1,
14,
20,
-5,
13,
18,
-10,
-5,
-25,
1,
-10,
7,
6,
1,
-3,
-8,
-4,
-8,
2,
17,
1,
31,
-5,
5,
43,
10,
19,
2,
11,
-1,
-2,
11,
-2,
16,
-1,
14,
-26,
-1,
-8,
11,
-11,
21,
-10,
-11,
-9,
-6,
12,
15,
-5,
-10,
-4,
1,
-3,
-36,
26,
-5,
-7,
-11,
-32,
5,
6,
19,
-13,
14,
6,
8,
-5,
-6,
-1,
1,
-1,
0,
-6,
1,
17,
28,
-10,
31,
-1,
-5,
-7,
18,
2,
13,
-7,
-20,
19,
-3,
6,
-10,
-5,
-8,
-7,
6,
-9,
13,
-5,
-4,
20,
9,
2,
8,
26,
-24,
8,
-12,
-12,
15,
-1,
-12,
0,
3,
9,
6,
-25,
-3,
-1,
4,
6,
-9,
-9,
14,
-10,
-21,
-9,
26,
19,
12,
-1,
-11,
-9,
-3,
1,
-27,
41,
13,
-16,
0,
14,
7,
-7,
-16,
-12,
6,
-4,
-2,
-2,
-2,
-7,
16,
-2,
3,
8,
-6,
1,
3,
21,
-7,
15,
9,
0,
17,
13,
-18,
4,
17,
-1,
1,
-23,
-8,
-12,
2,
-9,
2,
10,
-17,
-17,
-13,
9,
0,
-5,
23,
-4,
6,
41,
12,
2,
7,
12,
22,
1,
0,
-9,
12,
10,
20,
-27,
0,
2,
0,
-15,
15,
-7,
-1,
0,
-7,
-6,
5,
0,
-6,
-6,
9,
-13,
-21,
18,
-12,
2,
-3,
-17,
-8,
13,
-5,
-10,
6,
18,
2,
-12,
0,
-4,
15,
-8,
10,
-5,
-1,
15,
19,
17,
26,
-20,
5,
-11,
13,
-7,
17,
6,
-18,
8,
13,
6,
-18,
-2,
-4,
-12,
-3,
-14,
0,
12,
1,
9,
5,
-6,
14,
21,
-21,
3,
-16,
9,
10,
-44,
0,
-18,
12,
12,
-9,
-14,
6,
-6,
9,
7,
-3,
-26,
24,
-15,
-27,
-5,
33,
9,
-1,
3,
-11,
-9,
19,
-14,
-18,
15,
2,
-10,
-1,
8,
9,
-20,
7,
-23,
3,
-5,
-6,
-1,
-10,
-7,
-5,
2,
-4,
1,
2,
-11,
12,
-1,
-8,
22,
10,
7,
4,
8,
-10,
21,
-1,
-12,
-7,
-13,
-8,
-9,
1,
-13,
-5,
-7,
-17,
-8,
-5,
12,
-12,
-2,
28,
9,
13,
27,
20,
-6,
-9,
5,
4,
-1,
4,
-8,
15,
2,
13,
-20,
-5,
-4,
-9,
-2,
8,
-6,
-8,
-14,
-6,
3,
4,
-16,
-3,
-16,
6,
2,
-18,
1,
-14,
1,
-7,
-4,
-9,
2,
-7,
-4,
4,
6,
12,
-22,
-2,
8,
11,
-20,
13,
-2,
-4,
-5,
18,
27,
4,
-5,
14,
-4,
3,
-12,
-3,
6,
-19,
12,
10,
21,
-29,
8,
16,
-29,
-20,
-8,
2,
14,
9,
10,
1,
-10,
14,
10,
-10,
15,
-4,
5,
2,
-34,
1,
-10,
-2,
16,
1,
3,
2,
-10,
-2,
-1,
-10,
-9,
9,
-1,
-14,
-4,
21,
15,
0,
-8,
-16,
1,
-14,
-11,
-6,
16,
-4,
6,
10,
0,
15,
1,
33,
-11,
-1,
-1,
-9,
6,
13,
0,
-8,
-23,
6,
-6,
-8,
-6,
-4,
21,
-1,
34,
2,
18,
9,
-9,
-9,
9,
4,
-4,
-2,
-10,
-18,
-8,
2,
9,
2,
10,
-17,
-11,
-2,
3,
1,
2,
5,
24,
16,
21,
0,
-4,
-3,
-1,
-5,
-6,
14,
9,
18,
28,
-4,
-6,
-18,
0,
-8,
5,
6,
-12,
7,
1,
-6,
4,
1,
-17,
-7,
-2,
3,
12,
-27,
4,
9,
13,
7,
4,
-2,
-1,
-5,
-6,
-3,
-9,
13,
-2,
3,
-9,
5,
-6,
-4,
-4,
-1,
-18,
22,
4,
11,
-6,
14,
-3,
29,
-6,
-1,
9,
1,
23,
11,
1,
-4,
7,
14,
-20,
-15,
2,
-10,
-1,
12,
13,
-7,
17,
16,
-1,
6,
19,
-7,
-18,
14,
-17,
-12,
-2,
1,
13,
14,
7,
4,
-9,
-3,
3,
23,
2,
7,
-1,
-8,
-9,
-8,
23,
3,
7,
-3,
-8,
-19,
9,
-1,
12,
2,
9,
10,
-2,
4,
-3,
14,
8,
-3,
-13,
-2,
4,
14,
4,
8,
-21,
3,
-6,
-3,
3,
-9,
12,
-3,
6,
-1,
0,
1,
1,
-3,
7,
18,
-2,
2,
-7,
-2,
-3,
4,
-1,
-12,
-6,
4,
-5,
-4,
4,
7,
0,
-2,
-4,
-8,
23,
-3,
-1,
-8,
-1,
9,
-5,
-1,
10,
20,
3,
-8,
5,
-7,
7,
-4,
2,
5,
-15,
-2,
-4,
2,
-4,
9,
18,
7,
5,
-10,
6,
-7,
11,
8,
14,
21,
-5,
7,
-6,
14,
-7,
-6,
15,
7,
2,
-4,
-14,
-5,
1,
-13,
16,
5,
4,
7,
-1,
10,
1,
-8,
9,
16,
6,
-10,
-4,
5,
7,
3,
-2,
6,
-4,
10,
-3,
-10,
-3,
-6,
-1,
0,
-3,
11,
-3,
-7,
-16,
2,
-1,
-17,
4,
15,
-3,
-7,
-1,
-9,
-2,
-1,
-3,
0,
-6,
6,
1,
7,
0,
17,
-7,
5,
-4,
6,
-3,
3,
-4,
0,
15,
-10,
13,
7,
-2,
10,
9,
1,
2,
6,
2,
-12,
6,
16,
-12,
-12,
-2,
12,
14,
9,
-11,
17,
21,
2,
-1,
3,
11,
8,
11,
9,
16,
5,
18,
1,
18,
10,
-6,
14,
-9,
1,
4,
3,
-1,
-4,
-17,
13,
7,
3,
-5,
8,
-6,
-1,
6,
-17,
5,
9,
5,
-2,
1,
9,
-12,
-12,
10,
11,
-29,
-6,
11,
-2,
-5,
13,
23,
-9,
-6,
12,
6,
-13,
3,
-2,
3,
-18,
-2,
-14,
-17,
-3,
2,
8,
4,
12,
-8,
0,
-10,
7,
-2,
-1,
-5,
-2,
5,
-10,
-4,
9,
-7,
-4,
15,
15,
-6,
17,
-14,
25,
6,
-8,
-12,
-7,
21,
-14,
1,
15,
11,
-1,
-13,
-6,
-5,
3,
8,
-2,
-3,
4,
1,
12,
12,
-11,
-3,
0,
-18,
9,
-13,
2,
-13,
-7,
4,
-2,
-5,
9,
-2,
2,
2,
8,
9,
7,
-2,
28,
-9,
31,
2,
-17,
8,
10,
3,
-7,
-16,
-10,
23,
4,
1,
18,
-14,
0,
6,
-4,
1,
7,
-1,
5,
0,
27,
-3,
-6,
13,
-9,
-4,
-4,
-6,
22,
23,
-3,
-2,
24,
9,
11,
2,
2,
17,
13,
3,
-6,
10,
-25,
5,
2,
0,
21,
7,
-12,
0,
16,
-3,
8,
10,
-3,
-15,
17,
-16,
2,
26,
-4,
0,
1,
-27,
1,
2,
-3,
-11,
-35,
1,
-7,
-2,
-6,
20,
-24,
7,
-12,
14,
-2,
12,
-20,
9,
-23,
18,
-5,
9,
-15,
-3,
-13,
-12,
17,
-19,
22,
2,
-2,
2,
10,
-27,
-16,
0,
1,
0,
20,
-7,
-5,
8,
2,
-7,
4,
6,
18,
-5,
9,
6,
14,
-8,
10,
-8,
-13,
10,
-5,
9,
0,
-3,
0,
11,
-7,
12,
12,
-9,
-7,
-2,
-7,
-1,
12,
20,
-3,
-26,
-10,
4,
23,
12,
13,
-20,
7,
-6,
14,
2,
-1,
-7,
17,
8,
-10,
18,
16,
5,
19,
-13,
19,
1,
-10,
-5,
26,
-2,
3,
-8,
-13,
10,
-3,
-7,
-6,
-8,
-5,
-8,
2,
4,
6,
-8,
7,
-12,
17,
1,
-3,
-2,
9,
-7,
-9,
3,
-6,
7,
-2,
-7,
18,
15,
-21,
8,
4,
14,
7,
-5,
-19,
2,
-10,
-2,
-4,
2,
-9,
5,
20,
-3,
2,
-1,
11,
-4,
-7,
1,
8,
-3,
-3,
1,
-5,
15,
2,
-15,
-5,
3,
11,
-6,
-32,
-15,
3,
26,
1,
10,
-9,
-4,
-8,
18,
14,
13,
-13,
-6,
-21,
15,
-26,
-4,
-4,
-11,
-18,
0,
-2,
0,
13,
9,
3,
10,
2,
0,
-7,
4,
10,
22,
2,
-11,
-4,
-1,
6,
-5,
-1,
5,
6,
-12,
21,
12,
16,
-28,
5,
-9,
6,
6,
-11,
15,
-2,
4,
16,
-7,
1,
1,
-8,
-26,
-6,
-7,
5,
-12,
12,
24,
9,
1,
8,
-4,
20,
10,
3,
-3,
-4,
-19,
0,
-1,
-4,
3,
16,
3,
-4,
32,
6,
-3,
14,
-10,
29,
-11,
-24,
-7,
11,
-8,
-1,
-8,
-2,
-1,
-4,
-11,
3,
-11,
0,
0,
13,
13,
20,
-31,
15,
-14,
17,
32,
-15,
1,
-5,
0,
-4,
3,
-7,
15,
13,
-21,
24,
9,
-25,
0,
9,
17,
21,
-4,
-9,
0,
-13,
6,
-4,
2,
-12,
7,
18,
-13,
-3,
-9,
11,
-3,
-22,
8,
5,
-1,
9,
-11,
-10,
14,
2,
-14,
-8,
6,
10,
1,
-29,
-11,
10,
8,
2,
15,
-22,
-1,
-20,
19,
-1,
1,
-14,
-11,
-22,
1,
-18,
-3,
-7,
-6,
-7,
5,
0,
4,
21,
8,
-8,
9,
-8,
0,
-3,
-4,
4,
20,
-5,
1,
26,
-1,
10,
-14,
-5,
4,
6,
-10,
23,
22,
3,
-19,
-2,
1,
-8,
-5,
-8,
1,
-18,
8,
28,
-12,
-12,
-4,
10,
-22,
-3,
-10,
2,
0,
24,
9,
1,
-9,
3,
8,
11,
6,
13,
2,
-1,
-25,
-4,
-3,
-4,
7,
6,
20,
1,
15,
2,
-3,
10,
0,
33,
-12,
-36,
-5,
14,
-5,
-21,
-4,
13,
1,
15,
-1,
19,
-16,
5,
8,
9,
-3,
8,
-35,
20,
-20,
10,
9,
-10,
8,
-5,
-2,
-9,
-1,
0,
5,
12,
-15,
12,
-16,
-18,
7,
7,
5,
1,
3,
-5,
9,
-21,
8,
-6,
1,
6,
4,
1,
-3,
6,
-15,
-14,
-11,
-16,
8,
-5,
-6,
7,
3,
4,
12,
27,
-8,
-3,
7,
2,
-2,
-14,
-5,
3,
11,
-5,
-2,
-21,
0,
-11,
17,
-5,
10,
-6,
-5,
-14,
8,
-17,
1,
4,
-13,
2,
-2,
3,
-19,
11,
-10,
-9,
2,
3,
0,
-4,
-9,
1,
7,
0,
-20,
30,
-1,
1,
-20,
-5,
-2,
6,
-9,
19,
20,
0,
-11,
3,
6,
-7,
1,
-18,
-3,
-19,
6,
19,
3,
-15,
-1,
21,
-23,
2,
-5,
12,
-4,
19,
-2,
-12,
-19,
9,
-4,
14,
8,
17,
-6,
-12,
-28,
-3,
-4,
-15,
8,
13,
28,
-15,
1,
4,
1,
3,
-10,
7,
2,
-10,
-6,
15,
10,
-3,
-21,
-6,
-1,
-4,
-6,
8,
6,
3,
20,
8,
13,
22,
4,
15,
1,
0,
10,
-16,
-10,
20,
-3,
1,
-7,
-8,
-1,
-6,
-11,
-5,
14,
-6,
22,
2,
20,
16,
-7,
-4,
14,
1,
1,
-6,
1,
-7,
-10,
7,
10,
-7,
8,
-15,
-22,
1,
3,
6,
0,
-9,
9,
-7,
13,
2,
5,
-6,
-5,
9,
7,
5,
-9,
10,
23,
-11,
13,
-17,
6,
-1,
-12,
4,
-1,
7,
4,
-1,
2,
-15,
3,
-5,
6,
-6,
7,
-10,
4,
-1,
26,
10,
7,
0,
-1,
0,
-2,
-4,
2,
6,
-17,
18,
7,
9,
-6,
-16,
-6,
-13,
-8,
13,
14,
20,
-9,
9,
4,
9,
3,
-12,
4,
2,
12,
4,
-2,
-8,
10,
12,
-15,
-18,
6,
-14,
14,
17,
5,
-1,
9,
13,
-9,
2,
6,
-2,
-1,
1,
-20,
-2,
-16,
-2,
14,
0,
8,
-11,
-8,
0,
7,
13,
-3,
1,
3,
-7,
-1,
2,
20,
3,
13,
0,
-4,
-22,
15,
3,
12,
3,
4,
9,
-10,
-10,
8,
1,
10,
6,
-5,
0,
-12,
9,
3,
5,
-12,
2,
4,
-6,
-3,
-17,
9,
-2,
0,
-3,
-1,
8,
5,
4,
12,
11,
0,
5,
-1,
-1,
3,
2,
5,
-9,
3,
0,
-9,
1,
8,
8,
6,
5,
-4,
-2,
7,
0,
8,
-5,
2,
9,
-5,
-7,
-4,
18,
-11,
-7,
7,
5,
8,
2,
7,
-1,
-12,
-6,
9,
11,
-4,
10,
12,
4,
-7,
-8,
-1,
-10,
5,
-2,
14,
28,
8,
2,
-5,
17,
-1,
-4,
14,
-7,
-12,
0,
-10,
7,
5,
-3,
16,
6,
7,
3,
-3,
16,
-2,
-10,
4,
-2,
15,
-13,
-12,
16,
12,
4,
1,
9,
-1,
0,
1,
-4,
7,
-1,
7,
4,
-4,
13,
-1,
-3,
-17,
7,
-9,
-4,
-7,
-1,
-5,
-14,
6,
-15,
-3,
-11,
-6,
18,
-17,
16,
9,
-10,
-2,
14,
0,
-3,
7,
-2,
-10,
2,
14,
7,
-5,
3,
7,
-2,
15,
25,
13,
1,
0,
-2,
10,
-1,
9,
-20,
-15,
1,
28,
17,
-8,
5,
-1,
0,
11,
1,
-3,
-11,
18,
14,
9,
3,
8,
8,
0,
4,
-6,
5,
-9,
11,
-12,
-3,
6,
15,
17,
-7,
-19,
14,
-14,
5,
14,
8,
-8,
5,
-4,
-14,
0,
1,
10,
-4,
4,
-6,
-15,
19,
-9,
16,
-34,
-17,
7,
11,
-5,
22,
-6,
-9,
-18,
6,
3,
-5,
11,
3,
0,
-7,
6,
-6,
29,
-3,
-1,
-11,
8,
0,
1,
6,
7,
17,
11,
0,
-15,
0,
3,
6,
-10,
-13,
-4,
3,
5,
8,
1,
17,
7,
2,
15,
-16,
-2,
-8,
7,
-3,
-10,
-2,
4,
6,
-7,
-6,
4,
4,
5,
-7,
-10,
-10,
2,
14,
11,
-20,
9,
0,
-21,
2,
0,
9,
-7,
-16,
24,
-21,
-11,
12,
5,
-7,
-21,
27,
-13,
16,
-4,
-7,
-14,
29,
-1,
7,
7,
8,
6,
-4,
-7,
3,
3,
-4,
2,
-2,
-8,
19,
17,
4,
4,
-6,
23,
15,
15,
-5,
-7,
-1,
13,
4,
-13,
-2,
-5,
12,
5,
0,
-3,
-3,
6,
-1,
7,
5,
11,
7,
-1,
4,
5,
-7,
0,
1,
-7,
-5,
-4,
7,
1,
13,
-11,
0,
-18,
0,
-1,
-1,
-9,
1,
-1,
-16,
-2,
11,
-17,
-7,
-3,
8,
0,
9,
-12,
6,
-15,
-24,
3,
0,
2,
8,
-3,
-21,
-2,
-4,
0,
-5,
6,
-20,
11,
-9,
1,
-3,
4,
17,
-7,
-3,
18,
-2,
-6,
15,
15,
1,
3,
13,
-32,
-3,
-10,
9,
4,
2,
3,
-7,
-11,
2,
7,
4,
18,
1,
7,
-8,
-8,
-19,
-5,
-1,
0,
-6,
-8,
0,
5,
-10,
8,
16,
8,
2,
-2,
-17,
-1,
19,
3,
-1,
-3,
-12,
2,
-5,
14,
13,
-1,
3,
15,
-25,
-12,
2,
9,
-3,
3,
-9,
-17,
14,
6,
12,
-6,
20,
-1,
-11,
2,
15,
5,
-17,
-13,
6,
-11,
-5,
6,
-6,
-2,
16,
2,
-3,
-2,
-19,
10,
-6,
7,
-10,
-7,
5,
-4,
14,
-22,
-3,
4,
-5,
11,
9,
-5,
-4,
1,
1,
11,
7,
9,
3,
7,
0,
3,
-2,
-1,
-16,
-4,
-23,
-3,
8,
8,
-7,
8,
7,
-2,
11,
2,
-9,
-4,
0,
-3,
-3,
12,
16,
-3,
1,
-14,
10,
-13,
7,
-13,
9,
14,
-11,
4,
7,
-8,
10,
-1,
6,
6,
5,
-3,
-3,
2,
-25,
1,
3,
-17,
11,
-9,
-19,
-1,
-7,
3,
6,
-1,
3,
15,
-5,
7,
26,
-9,
4,
-15,
7,
2,
2,
10,
14,
-7,
1,
4,
4,
17,
10,
-15,
-20,
-15,
-10,
2,
3,
-1,
-8,
3,
11,
-8,
-4,
-6,
-2,
1,
-2,
2,
-2,
0,
10,
2,
6,
1,
-5,
2,
-7,
15,
7,
3,
8,
-8,
-17,
-12,
3,
3,
1,
-2,
-16,
-9,
14,
5,
3,
-4,
24,
-2,
-20,
17,
6,
2,
2,
-21,
4,
-7,
-10,
9,
-6,
8,
2,
2,
9,
4,
-9,
-5,
7,
0,
1,
9,
-6,
11,
12,
-8,
-7,
-2,
-10,
13,
0,
-1,
-7,
-2,
9,
5,
9,
14,
9,
11,
-5,
-10,
5,
-2,
-19,
-7,
-17,
9,
1,
6,
-1,
6,
16,
-8,
4,
15,
-1,
7,
8,
-9,
-7,
10,
11,
4,
6,
-23,
3,
13,
13,
-9,
18,
9,
-15,
13,
6,
7,
10,
-1,
4,
-3,
5,
-4,
2,
-7,
-24,
-1,
-11,
-4,
16,
-10,
-25,
3,
1,
7,
-17,
16,
-2,
26,
-8,
-1,
12,
-6,
6,
-19,
-2,
10,
-14,
-2,
0,
1,
0,
10,
4,
7,
1,
1,
-7,
-6,
-19,
-2,
-11,
-4,
-18,
10,
14,
-8,
0,
-8,
12,
10,
1,
-3,
-7,
16,
21,
-11,
-5,
1,
-6,
5,
-21,
6,
9,
-4,
3,
7,
-20,
-13,
-3,
-7,
0,
4,
4,
-15,
16,
0,
1,
-2,
30,
-4,
-29,
19,
4,
13,
6,
-22,
-6,
-6,
-10,
13,
2,
1,
-1,
7,
12,
6,
-1,
-11,
5,
-5,
13,
2,
-8,
8,
5,
-8,
-10,
-12,
-13,
18,
-6,
5,
0,
-8,
12,
9,
17,
12,
-2,
10,
-1,
0,
-3,
9,
-17,
0,
-9,
-2,
-3,
10,
5,
2,
-1,
-11,
-2,
5,
-6,
8,
-1,
-1,
-11,
11,
21,
0,
3,
-21,
4,
9,
-3,
-12,
14,
8,
-15,
7,
9,
1,
4,
-11,
12,
6,
9,
-10,
7,
-4,
-16,
-9,
-5,
-4,
7,
-8,
-6,
2,
-6,
-2,
-22,
-2,
2,
18,
-8,
1,
17,
-16,
6,
-25,
-3,
4,
-13,
-8,
6,
-5,
-2,
3,
6,
10,
7,
13,
-3,
-7,
-15,
14,
-6,
4,
-4,
14,
4,
-7,
-5,
7,
20,
-12,
-2,
-1,
3,
14,
16,
-6,
-5,
-3,
1,
3,
-10,
-1,
16,
1,
-6,
-4,
-22,
-17,
-4,
2,
2,
17,
-16,
-7,
8,
5,
-5,
-5,
10,
-4,
-11,
-2,
8,
4,
7,
-13,
-3,
-2,
-21,
-1,
-1,
2,
3,
17,
16,
7,
-9,
-10,
-1,
15,
4,
9,
2,
0,
20,
-17,
-13,
-14,
-11,
-5,
-7,
4,
-2,
12,
11,
9,
-5,
10,
4,
-3,
9,
17,
3,
-2,
-9,
-15,
-6,
-7,
-11,
25,
14,
-1,
-7,
-19,
2,
7,
3,
-2,
-14,
-7,
-16,
17,
-2,
1,
-2,
-17,
0,
6,
6,
-16,
12,
10,
-16,
24,
4,
8,
8,
-7,
-5,
-10,
17,
4,
16,
-6,
-17,
-5,
9,
2,
1,
-2,
-2,
10,
-6,
11,
9,
2,
6,
3,
3,
-3,
3,
-10,
9,
-19,
3,
3,
-9,
-12,
-7,
4,
12,
-13,
-5,
12,
2,
7,
1,
1,
-4,
2,
-12,
-5,
0,
-3,
8,
-1,
-3,
14,
4,
-4,
-9,
10,
-22,
5,
3,
5,
6,
-5,
5,
-7,
-5,
6,
2,
12,
6,
-14,
2,
-14,
-8,
2,
0,
3,
-16,
-7,
10,
-3,
21,
10,
-6,
8,
-24,
-14,
10,
16,
-6,
12,
1,
-3,
-16,
11,
10,
-1,
6,
-9,
10,
-7,
-24,
-7,
9,
5,
6,
-4,
-7,
-19,
15,
-4,
-9,
-18,
-16,
3,
-2,
2,
-18,
9,
-5,
-2,
6,
-16,
-9,
8,
12,
18,
8,
2,
7,
-16,
-4,
7,
-7,
15,
1,
8,
-10,
-3,
-4,
20,
10,
12,
21,
-13,
-10,
8,
6,
7,
-1,
4,
9,
-6,
-14,
-15,
15,
-13,
-13,
8,
18,
14,
2,
11,
0,
-1,
16,
18,
4,
3,
10,
-8,
13,
-7,
-11,
-2,
-16,
3,
12,
-2,
33,
16,
2,
7,
21,
-6,
2,
15,
-20,
-1,
-4,
-24,
7,
-2,
0,
5,
14,
4,
-7,
-5,
12,
0,
-16,
12,
0,
24,
8,
-7,
22,
8,
6,
8,
8,
-10,
4,
-9,
-4,
5,
-1,
11,
-10,
5,
9,
0,
5,
-13,
0,
-15,
15,
-8,
-8,
-13,
-11,
-1,
-5,
1,
-14,
-12,
-5,
-11,
-11,
1,
-5,
2,
10,
20,
-4,
3,
0,
-17,
5,
27,
1,
5,
6,
6,
1,
22,
-19,
5,
20,
1,
0,
-1,
2,
-4,
8,
4,
-5,
13,
27,
-6,
-25,
2,
-2,
12,
0,
4,
-13,
8,
-1,
0,
-19,
-11,
-20,
-8,
-3,
1,
12,
15,
-8,
-6,
6,
10,
8,
14,
-13,
-4,
-5,
-22,
-4,
15,
1,
5,
24,
4,
4,
14,
-8,
-3,
2,
4,
5,
-3,
3,
-1,
2,
-13,
-8,
5,
14,
-22,
24,
-9,
4,
-28,
9,
-3,
14,
-16,
18,
-6,
-8,
10,
0,
18,
14,
-12,
-13,
-1,
22,
11,
11,
-10,
7,
-1,
-15,
0,
7,
12,
2,
-15,
3,
15,
-4,
-8,
25,
2,
-18,
12,
20,
9,
-28,
12,
-8,
-1,
-7,
-3,
-2,
10,
18,
3,
-7,
19,
-1,
-13,
-18,
-18,
-7,
17,
22,
3,
-2,
10,
-1,
-5,
22,
-12,
-1,
-3,
-13,
-7,
6,
-5,
-3,
9,
-2,
-26,
0,
-10,
2,
-4,
-8,
-15,
10,
22,
30,
10,
2,
-3,
-4,
7,
-11,
0,
22,
1,
0,
11,
-12,
21,
5,
2,
3,
14,
13,
8,
4,
10,
-9,
-3,
9,
-5,
-14,
-3,
7,
12,
-5,
-1,
-8,
9,
-9,
-5,
-14,
-10,
-8,
-9,
-5,
10,
2,
13,
-2,
-3,
1,
-4,
3,
6,
-5,
-5,
-5,
-11,
-5,
11,
-8,
-7,
13,
0,
-5,
-2,
-3,
-9,
6,
4,
9,
15,
-2,
2,
-8,
4,
-24,
-7,
-4,
-11,
-5,
2,
0,
-16,
10,
-8,
11,
-6,
3,
-5,
-13,
15,
-9,
6,
5,
4,
-4,
10,
7,
-8,
14,
-4,
8,
0,
-3,
-10,
9,
15,
6,
2,
4,
7,
-9,
-4,
3,
6,
-17,
9,
14,
-6,
-8,
3,
-3,
1,
-4,
5,
-6,
-5,
10,
3,
-6,
9,
8,
-15,
-14,
5,
-12,
6,
19,
-5,
7,
-1,
4,
4,
2,
-8,
-3,
5,
-16,
-16,
-9,
-15,
3,
16,
-4,
-8,
-17,
-4,
4,
9,
1,
-11,
5,
5,
5,
5,
-9,
-4,
-11,
1,
-5,
-15,
9,
1,
-3,
1,
-12,
3,
-14,
-1,
1,
9,
4,
-7,
7,
2,
7,
-15,
4,
-2,
-7,
-3,
-6,
12,
-8,
-7,
-3,
2,
1,
-6,
-10,
3,
-3,
0,
-2,
3,
0,
14,
3,
7,
0,
-7,
-4,
0,
-11,
8,
4,
-2,
-4,
10,
5,
-8,
3,
-9,
-4,
-1,
-8,
-9,
-1,
13,
14,
-3,
4,
3,
-10,
15,
-13,
17,
6,
-13,
2,
-4,
9,
8,
4,
-1,
6,
-4,
5,
-1,
-9,
-4,
-5,
-10,
-20,
7,
2,
7,
7,
-6,
9,
-2,
5,
1,
1,
6,
2,
0,
5,
-8,
-1,
6,
9,
1,
6,
8,
-9,
-5,
9,
5,
-10,
4,
2,
15,
-10,
8,
-4,
-11,
17,
-2,
-6,
-5,
-8,
-6,
-13,
4,
0,
-4,
-3,
-9,
13,
-1,
-4,
-13,
9,
-4,
0,
-1,
-4,
-14,
-6,
-14,
-2,
7,
2,
-13,
-5,
-4,
12,
22,
-2,
-4,
8,
-2,
-7,
23,
4,
-25,
-6,
2,
-3,
-2,
-1,
12,
-3,
4,
-10,
4,
-14,
12,
5,
3,
-8,
-2,
16,
-3,
-5,
0,
-3,
-4,
-9,
4,
-10,
4,
-10,
5,
-5,
4,
-11,
-11,
-11,
-12,
-5,
-2,
-5,
0,
10,
3,
2,
2,
4,
-12,
-13,
5,
0,
15,
13,
-10,
6,
14,
-1,
-1,
3,
-11,
-10,
-10,
-6,
4,
1,
8,
12,
11,
-7,
-2,
-19,
14,
-12,
8,
3,
-1,
1,
-6,
-2,
13,
-10,
-1,
-6,
0,
9,
-11,
-5,
-10,
13,
16,
-4,
3,
-9,
9,
-1,
10,
11,
10,
1,
-7,
-2,
1,
4,
0,
-7,
-4,
4,
13,
7,
0,
-1,
-2,
-1,
-15,
10,
20,
-9,
3,
4,
10,
-21,
7,
-16,
-16,
20,
-3,
-12,
0,
-8,
7,
-8,
-1,
7,
13,
2,
-24,
-5,
-9,
-7,
0,
2,
-4,
-12,
-1,
-1,
-4,
6,
-25,
4,
10,
2,
-7,
-1,
-16,
7,
9,
-16,
-17,
20,
1,
-15,
30,
20,
-19,
-22,
-4,
1,
6,
3,
17,
-8,
-5,
-12,
21,
8,
12,
1,
-16,
-8,
10,
15,
-2,
3,
-11,
-3,
-5,
9,
-7,
-9,
11,
-12,
18,
-5,
3,
2,
-6,
-8,
10,
-3,
-7,
-8,
3,
13,
7,
5,
1,
-2,
-13,
2,
1,
21,
20,
6,
-2,
5,
16,
-4,
-8,
24,
5,
-17,
6,
8,
3,
-9,
-3,
9,
24,
-13,
-20,
-10,
10,
-14,
-22,
17,
-9,
-3,
-3,
8,
21,
-6,
-12,
-21,
11,
13,
-18,
-3,
2,
6,
7,
18,
-11,
-12,
-11,
13,
-13,
10,
-7,
8,
11,
-7,
-12,
0,
12,
-3,
-7,
19,
12,
12,
-1,
-11,
-8,
18,
-21,
22,
12,
-2,
10,
7,
26,
-6,
3,
-13,
5,
10,
10,
-13,
-1,
9,
-12,
-2,
-6,
14,
14,
-1,
-20,
9,
-7,
-3,
10,
-3,
-10,
-11,
-8,
-8,
-6,
14,
-27,
3,
14,
3,
6,
-12,
-1,
-1,
-4,
-10,
-22,
3,
-5,
-5,
15,
2,
-17,
3,
11,
-5,
9,
-11,
4,
2,
-2,
-6,
23,
14,
-2,
-3,
-17,
4,
23,
21,
12,
0,
-3,
5,
-9,
-9,
-7,
-3,
-3,
-19,
5,
-12,
-3,
7,
8,
-12,
14,
18,
10,
6,
4,
2,
16,
-8,
-4,
2,
8,
-12,
10,
14,
-4,
-7,
-14,
3,
6,
1,
4,
2,
0,
-14,
16,
-6,
-6,
-7,
-17,
4,
20,
-10,
-18,
2,
-13,
-17,
8,
0,
-3,
5,
14,
0,
-11,
3,
6,
-2,
14,
2,
10,
6,
6,
-4,
-3,
18,
-11,
-20,
-9,
16,
-1,
1,
0,
9,
7,
-4,
-8,
-3,
-12,
11,
-4,
1,
1,
-11,
-11,
-18,
-21,
-8,
-7,
-5,
14,
-4,
6,
-21,
8,
-24,
4,
-1,
-2,
-11,
17,
-1,
20,
9,
-8,
-18,
22,
-2,
9,
6,
-1,
6,
-6,
-2,
10,
1,
1,
-2,
8,
7,
-17,
5,
-9,
-13,
13,
13,
6,
-15,
-10,
-8,
-8,
12,
11,
-24,
-7,
-25,
-11,
13,
8,
14,
28,
1,
0,
-25,
4,
11,
-1,
-7,
-12,
-6,
-20,
-16,
9,
17,
-5,
34,
8,
12,
-12,
8,
-1,
-20,
-23,
-7,
11,
-19,
-12,
-11,
-8,
-10,
8,
-21,
-17,
3,
5,
10,
12,
4,
15,
12,
-6,
-9,
11,
5,
11,
-10,
10,
12,
-13,
-3,
15,
2,
21,
19,
-9,
2,
26,
-20,
1,
-18,
4,
15,
1,
-22,
12,
6,
-11,
12,
19,
13,
-10,
0,
18,
9,
1,
15,
13,
3,
0,
12,
9,
-15,
-1,
-18,
4,
-26,
-7,
-7,
-3,
45,
37,
6,
-2,
12,
4,
13,
6,
-18,
2,
4,
-24,
2,
6,
0,
1,
7,
12,
-9,
-6,
22,
-2,
-29,
3,
-14,
32,
-7,
-17,
20,
19,
9,
17,
4,
2,
-1,
-24,
3,
10,
14,
15,
4,
5,
14,
1,
-3,
-11,
2,
-9,
2,
-30,
0,
-17,
-16,
4,
-32,
9,
-2,
-9,
