# output (shape [1, 1000]),
431,
89,
49,
55,
113,
67,
105,
0,
57,
-17,
-45,
68,
-52,
-55,
-3,
40,
-24,
5,
-41,
-2,
-12,
23,
50,
67,
12,
56,
123,
109,
73,
38,
145,
73,
89,
107,
105,
86,
130,
76,
80,
146,
86,
60,
70,
97,
112,
76,
73,
85,
136,
138,
155,
111,
9,
14,
15,
64,
14,
59,
106,
47,
81,
80,
120,
53,
31,
51,
0,
84,
17,
-28,
-42,
38,
-70,
-69,
-50,
-114,
-19,
-66,
-41,
49,
-20,
-74,
72,
-1,
36,
20,
60,
84,
124,
54,
117,
-14,
12,
124,
16,
10,
77,
-39,
-102,
27,
-10,
21,
85,
166,
68,
50,
109,
20,
-42,
35,
-4,
-69,
69,
49,
114,
-18,
74,
-54,
143,
121,
42,
108,
91,
52,
105,
-1,
8,
-35,
-31,
-38,
-111,
-46,
-53,
-1,
-22,
-28,
-2,
-69,
19,
-130,
-105,
-60,
-103,
-108,
-48,
21,
-29,
-41,
-63,
-6,
33,
66,
-103,
-31,
-48,
-44,
-63,
-23,
-12,
39,
-30,
14,
58,
22,
-4,
28,
38,
2,
31,
13,
15,
37,
42,
53,
9,
-48,
-18,
21,
38,
84,
74,
-18,
0,
-15,
-16,
-25,
9,
-45,
-19,
35,
-51,
-8,
20,
-21,
-13,
39,
-17,
4,
-17,
16,
-99,
-24,
-12,
19,
-39,
48,
24,
11,
76,
81,
27,
63,
24,
-25,
-5,
13,
41,
0,
46,
-42,
30,
-18,
21,
77,
87,
72,
-24,
54,
-60,
-22,
17,
33,
-17,
41,
48,
61,
67,
48,
19,
57,
54,
39,
11,
36,
-19,
6,
20,
30,
-8,
32,
23,
-14,
-35,
61,
-12,
7,
0,
20,
-29,
39,
-5,
28,
13,
101,
10,
5,
-34,
-22,
25,
19,
-13,
-11,
13,
119,
-12,
-44,
15,
35,
-13,
-18,
68,
-15,
49,
-47,
-70,
14,
91,
-17,
93,
19,
43,
51,
21,
35,
0,
100,
18,
27,
57,
23,
-84,
-111,
-40,
-26,
-58,
-33,
59,
-78,
-61,
-61,
-82,
-3,
-23,
15,
24,
-14,
-51,
-21,
-46,
-65,
-69,
-6,
-42,
-42,
-51,
3,
-39,
55,
12,
76,
68,
27,
37,
-59,
22,
30,
-7,
42,
-27,
-46,
-4,
45,
83,
67,
62,
33,
30,
3,
-19,
-5,
41,
6,
56,
32,
-85,
11,
50,
-8,
64,
31,
30,
73,
48,
62,
47,
-10,
20,
50,
-14,
24,
53,
38,
12,
39,
-2,
-23,
-17,
33,
75,
57,
63,
116,
204,
3,
17,
49,
-38,
41,
-22,
283,
200,
248,
43,
-47,
177,
165,
-31,
153,
-34,
0,
41,
41,
-4,
-146,
-180,
-77,
-113,
-67,
-28,
-121,
137,
28,
18,
68,
-56,
-14,
-10,
-1,
-43,
1,
61,
-71,
-73,
-44,
-27,
-87,
-12,
24,
73,
-7,
-51,
-46,
-22,
-55,
-32,
-1,
-69,
-100,
-53,
37,
48,
59,
-37,
-5,
15,
-71,
-130,
10,
12,
-6,
0,
11,
13,
-88,
-74,
17,
34,
40,
12,
-91,
-49,
48,
11,
37,
-21,
17,
-76,
-56,
2,
72,
-66,
-9,
20,
-40,
45,
-59,
2,
-43,
-41,
-60,
-30,
-104,
-65,
-10,
-86,
-67,
3,
-15,
-10,
3,
53,
77,
-38,
-104,
23,
-73,
-6,
-100,
-66,
17,
13,
35,
27,
51,
-15,
-54,
-94,
-41,
-88,
-36,
-135,
-48,
-28,
53,
27,
77,
-48,
-91,
0,
-72,
-118,
-8,
22,
22,
57,
-8,
-98,
-132,
-81,
32,
-63,
-88,
-44,
-35,
-41,
-73,
-99,
-45,
-73,
-11,
-24,
48,
64,
-84,
45,
-88,
-40,
-78,
-60,
-31,
-90,
-163,
44,
-50,
-99,
-37,
-38,
-21,
40,
-15,
-10,
-29,
16,
-84,
-110,
-171,
79,
11,
46,
-32,
-19,
-10,
33,
-33,
-45,
25,
-49,
84,
-27,
-63,
17,
-36,
-29,
-9,
2,
-15,
-92,
69,
-1,
-22,
-38,
-5,
-101,
-20,
48,
-62,
51,
30,
-73,
9,
-8,
-13,
25,
-47,
-28,
-93,
-25,
25,
2,
-66,
34,
19,
16,
-110,
20,
-107,
-32,
-45,
14,
-76,
-23,
-1,
-51,
-34,
-32,
-112,
-27,
-74,
-111,
-101,
-17,
-12,
-138,
-46,
-13,
-42,
-29,
-2,
-51,
-81,
-80,
22,
-27,
38,
-97,
-19,
3,
-24,
-128,
67,
-13,
43,
56,
-1,
-50,
-14,
-17,
-91,
39,
-31,
-35,
10,
-164,
-73,
-93,
-24,
2,
51,
-130,
0,
-31,
2,
-9,
-93,
5,
-56,
-4,
-29,
18,
-39,
19,
-6,
-46,
5,
7,
-87,
-34,
-64,
-112,
-25,
-27,
-67,
4,
-31,
-95,
-19,
-2,
-48,
-51,
3,
13,
-23,
15,
2,
-27,
-53,
-19,
-47,
-33,
-105,
-103,
2,
-18,
-51,
-32,
2,
22,
-75,
-66,
70,
-2,
-27,
27,
-3,
-99,
36,
-89,
-116,
17,
-142,
-22,
22,
-126,
-34,
-107,
91,
-53,
29,
-1,
6,
-7,
-12,
-27,
-26,
-47,
-101,
-138,
3,
-45,
0,
-64,
-47,
-40,
-36,
-115,
-37,
9,
-67,
83,
-123,
-46,
-19,
-19,
83,
68,
-28,
30,
-84,
30,
-41,
-25,
-34,
-17,
-46,
-46,
6,
89,
29,
29,
-37,
-91,
-69,
-75,
-40,
21,
-29,
-93,
33,
-79,
-55,
-7,
2,
42,
62,
-22,
-82,
45,
27,
-43,
-28,
-33,
-10,
-33,
-16,
-26,
29,
-101,
2,
86,
-17,
-109,
-17,
-118,
51,
-109,
-36,
-15,
-106,
-88,
-25,
-82,
-72,
19,
-73,
40,
61,
-47,
51,
7,
-76,
-23,
-42,
8,
-68,
64,
-21,
6,
8,
13,
24,
-67,
83,
-17,
80,
-112,
6,
-94,
-58,
-110,
-19,
63,
19,
7,
-41,
-48,
-87,
-66,
27,
-93,
12,
-25,
38,
-24,
1,
-90,
-51,
-1,
-116,
40,
-31,
39,
-126,
-55,
-80,
-87,
48,
17,
-15,
-128,
23,
-13,
-16,
-44,
5,
-82,
34,
-19,
1,
-20,
64,
-106,
38,
-100,
-48,
-123,
-104,
-50,
-74,
39,
55,
-110,
7,
15,
54,
6,
-78,
-31,
46,
-122,
23,
63,
19,
26,
-42,
-139,
-63,
-72,
-29,
-1,
-64,
-131,
-34,
-60,
-8,
49,
-12,
21,
27,
-21,
75,
0,
55,
126,
5,
124,
-12,
49,
-15,
28,
88,
108,
96,
62,
27,
15,
27,
-63,
23,
69,
-45,
4,
80,
-15,
70,
81,
169,
29,
29,
19,
-23,
-14,
17,
-9,
4,
-19,
67,
25,
-49,
-28,
-44,
-15,
46,
13,
44,
2,
52,
-69,
-40,
-76,
31,
-1,
-9,
-8,
-4,
43,
-30,
82,
127,
17,
-80,
31,
-62,
-7,
-28,
-19,
-65,
57,
185,
143,
-58,
