# linear_layer2.2 (shape [256]),
0.000000,
91.000000,
0.000000,
0.000000,
158.000000,
143.000000,
156.000000,
194.000000,
0.000000,
0.000000,
0.000000,
0.000000,
0.000000,
62.000000,
0.000000,
0.000000,
176.000000,
0.000000,
186.000000,
166.000000,
0.000000,
0.000000,
154.000000,
0.000000,
0.000000,
0.000000,
0.000000,
0.000000,
0.000000,
0.000000,
120.000000,
0.000000,
227.000000,
145.000000,
0.000000,
169.000000,
127.000000,
113.000000,
0.000000,
0.000000,
0.000000,
157.000000,
181.000000,
0.000000,
0.000000,
0.000000,
119.000000,
0.000000,
0.000000,
160.000000,
0.000000,
191.000000,
0.000000,
0.000000,
0.000000,
0.000000,
0.000000,
144.000000,
152.000000,
0.000000,
0.000000,
150.000000,
0.000000,
0.000000,
138.000000,
184.000000,
159.000000,
164.000000,
211.000000,
0.000000,
165.000000,
0.000000,
139.000000,
0.000000,
206.000000,
81.000000,
0.000000,
125.000000,
0.000000,
27.000000,
0.000000,
99.000000,
0.000000,
160.000000,
0.000000,
0.000000,
0.000000,
0.000000,
198.000000,
196.000000,
149.000000,
173.000000,
0.000000,
0.000000,
157.000000,
0.000000,
172.000000,
156.000000,
0.000000,
161.000000,
220.000000,
0.000000,
0.000000,
106.000000,
0.000000,
0.000000,
0.000000,
0.000000,
174.000000,
0.000000,
73.000000,
199.000000,
178.000000,
0.000000,
169.000000,
116.000000,
163.000000,
0.000000,
0.000000,
0.000000,
17.000000,
176.000000,
0.000000,
0.000000,
0.000000,
0.000000,
0.000000,
0.000000,
0.000000,
208.000000,
158.000000,
0.000000,
0.000000,
112.000000,
0.000000,
0.000000,
92.000000,
0.000000,
125.000000,
0.000000,
132.000000,
0.000000,
0.000000,
0.000000,
56.000000,
233.000000,
147.000000,
0.000000,
134.000000,
152.000000,
0.000000,
0.000000,
125.000000,
0.000000,
162.000000,
198.000000,
103.000000,
0.000000,
0.000000,
114.000000,
0.000000,
162.000000,
0.000000,
0.000000,
0.000000,
151.000000,
143.000000,
127.000000,
0.000000,
0.000000,
140.000000,
221.000000,
0.000000,
198.000000,
197.000000,
0.000000,
0.000000,
0.000000,
191.000000,
167.000000,
0.000000,
0.000000,
120.000000,
187.000000,
0.000000,
134.000000,
98.000000,
0.000000,
0.000000,
0.000000,
168.000000,
173.000000,
0.000000,
209.000000,
189.000000,
0.000000,
0.000000,
21.000000,
0.000000,
0.000000,
44.000000,
53.000000,
184.000000,
0.000000,
0.000000,
203.000000,
0.000000,
133.000000,
196.000000,
0.000000,
0.000000,
0.000000,
0.000000,
0.000000,
0.000000,
75.000000,
177.000000,
171.000000,
0.000000,
149.000000,
0.000000,
186.000000,
0.000000,
159.000000,
0.000000,
182.000000,
0.000000,
0.000000,
0.000000,
0.000000,
0.000000,
0.000000,
0.000000,
176.000000,
0.000000,
0.000000,
159.000000,
162.000000,
179.000000,
0.000000,
0.000000,
105.000000,
13.000000,
195.000000,
201.000000,
0.000000,
211.000000,
147.000000,
0.000000,
0.000000,
0.000000,
0.000000,
178.000000,
0.000000,
145.000000,
0.000000,
