# _QL_REPLACED__INTEGERIZE_PACT_LIN_PASS_0 (shape [1000]),
140991,
35944,
20438,
18714,
26407,
20260,
50309,
-1028,
3030,
-5612,
11697,
38771,
-4349,
6017,
17443,
20564,
6579,
11959,
4274,
15208,
2424,
-3264,
5184,
20994,
-2176,
47235,
60770,
40501,
47873,
29800,
67718,
23612,
48530,
47258,
57017,
52961,
68739,
54681,
41704,
47440,
34005,
37011,
51325,
31364,
38717,
38454,
32004,
30034,
45253,
54344,
67249,
30941,
10269,
13156,
10111,
28625,
15007,
28911,
36547,
26800,
27684,
32629,
47109,
8809,
16544,
23412,
3237,
26694,
8840,
-18974,
-23290,
8846,
-6687,
-22243,
-6907,
-30168,
-1262,
-7124,
-6480,
13960,
-10424,
-19778,
26478,
4492,
29726,
17190,
24399,
16781,
48636,
21448,
45789,
-342,
23844,
30472,
23543,
39787,
7797,
6269,
-21108,
10166,
-4859,
-5974,
32913,
74693,
22693,
9086,
35130,
10457,
-1115,
23189,
-10364,
-20083,
18419,
22319,
34522,
2397,
24150,
-16618,
61151,
50172,
30806,
30117,
42819,
26398,
46896,
10120,
-9286,
-17615,
-3009,
4846,
-12163,
-23688,
-9472,
2952,
-10233,
-7964,
-7233,
-18507,
11574,
-29366,
-32158,
-22630,
-41810,
-30180,
-20618,
17265,
-28013,
-9915,
-8367,
2274,
15222,
19751,
-39713,
-11057,
-18013,
-19058,
-21988,
-601,
5831,
6772,
-7117,
14471,
17939,
18113,
-1369,
15672,
16377,
499,
12893,
-7116,
-5452,
14801,
15934,
7018,
7215,
-26453,
-9382,
1250,
14286,
30861,
29061,
-16122,
-13129,
-12309,
-13522,
-11951,
-780,
-17200,
-15956,
-10183,
-36033,
914,
-4050,
-14926,
-21669,
16039,
-9398,
4649,
-18692,
-6139,
-35249,
-26659,
-8826,
235,
-27026,
9623,
10309,
4074,
22910,
25563,
1728,
29921,
2552,
-3884,
13525,
-3744,
-2426,
170,
1183,
-13358,
4560,
7800,
-4853,
17607,
19033,
32048,
-14490,
18836,
-23062,
-11585,
13249,
1181,
-11805,
2582,
42362,
28406,
31965,
29187,
11997,
17558,
15559,
14022,
10811,
15000,
-10230,
-3461,
-549,
-949,
3827,
24977,
6786,
1582,
-21326,
20778,
-6030,
168,
-474,
7109,
674,
12939,
-6446,
4777,
-7301,
40378,
2198,
12556,
-8946,
-1077,
-1694,
20883,
2271,
20206,
8493,
34781,
11399,
14431,
5250,
9273,
-2018,
-9034,
24855,
-5272,
10156,
-18686,
-17074,
8316,
27039,
-2090,
28824,
14324,
13917,
16618,
22205,
17034,
-2540,
32052,
5748,
15759,
18752,
11564,
1974,
-20072,
2013,
-7011,
-12411,
3902,
28312,
-32181,
-4125,
-13942,
-26399,
-7088,
-16792,
7311,
10399,
-2469,
-7441,
-12719,
-35773,
3964,
-10807,
14677,
-7908,
-596,
-3593,
10515,
-10994,
25013,
6483,
27418,
21089,
19227,
-3940,
-12546,
-419,
13444,
-6326,
23825,
-14741,
-20247,
-960,
19074,
32143,
11446,
29774,
-5373,
10456,
-4350,
-5239,
-13241,
4170,
3033,
17359,
18096,
-38538,
-17930,
31138,
-2848,
34722,
27070,
11922,
24025,
25405,
26991,
9073,
-18627,
-14513,
9564,
-17495,
-12089,
8963,
7587,
685,
5213,
-7202,
-19778,
-11269,
17673,
26695,
995,
9215,
28802,
61303,
-1365,
3049,
2614,
-25929,
2375,
-8619,
86330,
65940,
88914,
2036,
-6948,
73201,
60561,
2148,
62848,
-23653,
10701,
12768,
2413,
-4458,
-64295,
-72626,
-15519,
-18255,
-16764,
-5024,
-40021,
19866,
12515,
9387,
28365,
-22071,
-20070,
13052,
7480,
-9320,
21956,
29774,
-22121,
-22572,
-16474,
-21678,
-45952,
-19233,
26261,
17090,
6615,
-9466,
-22626,
-25450,
12450,
-6148,
24916,
-16393,
-33811,
-12792,
-4467,
22154,
30114,
-14305,
-12030,
3175,
16666,
-26161,
-6064,
16510,
-7144,
14887,
96,
-3097,
-25112,
-31758,
14339,
13809,
11163,
-6494,
-20751,
-29700,
11838,
-2585,
26250,
-17855,
2617,
-28247,
-11791,
-12951,
19791,
-12958,
-16526,
18077,
11636,
13154,
-7135,
-5424,
-34299,
-15019,
-27929,
-2005,
-23636,
-21014,
-9214,
-18346,
-20016,
4,
-14739,
16092,
-10554,
18704,
36208,
380,
-26895,
13362,
-13299,
-11322,
-42522,
-34479,
22315,
-272,
8513,
1508,
28494,
1694,
-13773,
-29071,
-2292,
-25953,
-10930,
-55701,
-8220,
-6410,
5111,
-5688,
19484,
-28355,
-42924,
14535,
-15819,
-32861,
7804,
21573,
10167,
28030,
-12497,
-26067,
-36235,
-16048,
8685,
-11460,
-14224,
-11053,
-37277,
5006,
-31260,
-37612,
-23090,
-29484,
3824,
-19485,
12377,
18904,
-12599,
7188,
-13135,
-37763,
-49302,
-11461,
-1413,
-39916,
-34847,
30769,
-12122,
-47252,
-26020,
-17663,
-9069,
-6871,
-4879,
2318,
-17099,
16819,
-26129,
-38524,
-65692,
25008,
10563,
15675,
-22190,
-7016,
6618,
24373,
-14676,
-8718,
2649,
-29800,
29524,
-862,
-19806,
-4456,
-4126,
-28080,
-985,
2130,
-4419,
-24583,
28491,
-4787,
14233,
-26427,
-9043,
-18857,
-21025,
-9698,
-18931,
18527,
-8892,
-28764,
-4342,
-3026,
6902,
-3556,
-22415,
-3702,
-19853,
1130,
15163,
-11509,
-12769,
11941,
3850,
-11201,
-23362,
23128,
-9296,
-4,
8140,
16199,
-11121,
-13778,
12827,
-10171,
-14375,
-31395,
-43429,
3625,
-27811,
-44665,
-32281,
-18946,
-404,
-33078,
-18341,
-19164,
-14904,
-10906,
2308,
19978,
4314,
-18961,
20633,
-13059,
18326,
-21435,
-11179,
14422,
-6665,
-16383,
32332,
-9588,
14295,
44548,
6980,
-32805,
8963,
-7982,
-22560,
-7170,
-6990,
-1003,
-24614,
-17716,
-39648,
-21105,
-11930,
-9771,
28444,
-40796,
-1789,
-7547,
20959,
-447,
-25598,
-8861,
-35108,
-4017,
3847,
-5618,
-2930,
-880,
-6000,
-657,
-11327,
-9263,
-30333,
-16670,
-44901,
-35758,
-4764,
-23425,
-20120,
-8446,
11566,
-29218,
6307,
7140,
4907,
-18229,
-23683,
-1094,
-6302,
3587,
-4940,
-14801,
-45753,
1738,
-21851,
8333,
-28272,
-17790,
16092,
1570,
-14211,
-2955,
5305,
24770,
-22659,
-37355,
44136,
23,
-17659,
20313,
10263,
-35888,
25594,
-39038,
-37573,
-8167,
-42522,
-6889,
26647,
-51799,
11353,
-29712,
17060,
-30160,
6195,
10857,
-2326,
19482,
-18638,
2297,
-12724,
-10963,
-20776,
-47664,
19335,
-6229,
-9289,
-21736,
-13936,
-8450,
-5501,
-29289,
-18358,
25624,
-25549,
39932,
-42652,
-10162,
7446,
-16229,
27885,
19897,
-20676,
4576,
-26208,
21012,
-9041,
-15364,
10248,
7669,
1020,
-3948,
25313,
9984,
936,
-1751,
-29180,
-31611,
-25411,
-13688,
-16770,
9617,
-19780,
-16464,
19361,
-38528,
-16995,
-26761,
-15934,
30000,
26193,
8154,
-9903,
10864,
2093,
-29688,
4013,
-11152,
21291,
2305,
-24589,
14078,
21549,
-32346,
-11424,
18768,
-19207,
-40022,
-12163,
-42388,
38125,
-21094,
3409,
-9051,
-33784,
-14874,
-7318,
-47655,
-36268,
15468,
-13985,
10320,
16200,
-4807,
19962,
11970,
-30190,
-15428,
-32051,
-2529,
-27093,
20918,
-4786,
7673,
10819,
15854,
-5823,
-22401,
13476,
13381,
27894,
-33124,
-1757,
-6502,
-18884,
-33402,
12099,
15940,
-3585,
7037,
-25668,
-24029,
-20952,
-49578,
-7456,
-36579,
7484,
-12954,
23323,
-3946,
8195,
-43117,
-28506,
5347,
-50216,
4552,
-5599,
12309,
-34190,
-26698,
-24270,
-41786,
3117,
33685,
47,
-42383,
9062,
11001,
-20983,
-3411,
24595,
-33459,
-3149,
-18639,
7939,
-4245,
9890,
-21339,
5245,
-34491,
-11473,
-37955,
-33215,
5929,
-6213,
19613,
33504,
-23138,
-3897,
-619,
31328,
6819,
-14031,
-17679,
20687,
-39766,
15287,
13000,
-4641,
-135,
-923,
-46859,
-24786,
-14274,
-8035,
-18247,
-22085,
-46408,
-8960,
-30669,
-2582,
12390,
-3382,
-822,
6857,
-8600,
17323,
-20292,
2349,
21220,
-5845,
3389,
-6017,
2894,
-21965,
-5438,
22306,
16324,
19232,
10967,
6465,
19594,
180,
-8596,
19558,
13284,
-15402,
-7237,
9876,
-20385,
20994,
16312,
43403,
-4299,
16039,
-3455,
-7124,
-1990,
11925,
-11815,
-12438,
-22716,
6218,
14507,
-30468,
-9935,
-15696,
-15768,
26735,
9816,
19345,
424,
15446,
-18047,
-3601,
-15117,
-3819,
-9504,
728,
-2214,
18946,
12594,
-7748,
13014,
19514,
-7282,
-8871,
-5955,
-15353,
11519,
-6017,
16001,
-11224,
13788,
54063,
34271,
-10133,
