# features.13._QL_REPLACED_AVGPOOL2D_DORY_0 (shape [768, 1, 1]),
26,
18,
15,
51,
16,
29,
126,
7,
25,
15,
15,
45,
38,
53,
55,
49,
79,
34,
30,
1,
0,
45,
12,
1,
62,
17,
11,
28,
28,
36,
88,
13,
14,
65,
22,
108,
16,
45,
6,
8,
31,
31,
7,
25,
51,
76,
43,
34,
34,
3,
17,
5,
14,
18,
0,
22,
66,
23,
61,
17,
27,
20,
22,
19,
28,
44,
0,
19,
22,
30,
52,
44,
50,
10,
6,
85,
33,
29,
39,
37,
33,
32,
9,
14,
31,
15,
4,
4,
11,
24,
6,
12,
68,
4,
56,
38,
19,
12,
23,
51,
4,
30,
33,
27,
1,
6,
35,
72,
28,
60,
60,
77,
38,
50,
5,
28,
45,
19,
35,
43,
43,
64,
79,
77,
30,
75,
49,
8,
2,
32,
73,
36,
3,
2,
18,
28,
19,
3,
161,
16,
18,
50,
16,
14,
10,
38,
19,
23,
3,
41,
66,
14,
4,
6,
98,
13,
33,
47,
15,
27,
23,
9,
35,
27,
12,
17,
52,
52,
12,
44,
80,
11,
50,
20,
18,
17,
8,
39,
29,
46,
67,
13,
53,
127,
15,
53,
44,
13,
6,
43,
37,
34,
47,
115,
82,
9,
35,
93,
9,
5,
103,
34,
43,
68,
29,
22,
7,
12,
3,
1,
33,
29,
100,
28,
20,
10,
23,
27,
66,
47,
67,
59,
54,
0,
27,
3,
31,
43,
5,
10,
112,
20,
12,
21,
2,
3,
3,
70,
24,
63,
23,
103,
3,
2,
12,
50,
16,
45,
45,
108,
16,
43,
3,
47,
41,
154,
4,
35,
19,
70,
32,
31,
0,
3,
25,
73,
40,
38,
5,
13,
8,
41,
72,
111,
5,
83,
71,
39,
40,
81,
72,
66,
21,
19,
26,
102,
8,
27,
16,
4,
5,
35,
15,
83,
54,
8,
15,
46,
45,
32,
3,
8,
1,
25,
3,
33,
9,
65,
29,
3,
56,
16,
61,
34,
69,
0,
5,
3,
49,
26,
27,
35,
1,
30,
15,
35,
27,
38,
103,
1,
6,
19,
20,
16,
30,
15,
60,
18,
14,
30,
1,
29,
11,
67,
36,
35,
32,
10,
29,
28,
40,
27,
28,
5,
13,
67,
119,
3,
24,
45,
80,
90,
14,
81,
67,
15,
35,
13,
86,
35,
27,
31,
12,
4,
3,
54,
17,
33,
103,
30,
131,
18,
54,
2,
23,
58,
13,
38,
2,
46,
39,
15,
34,
44,
37,
5,
29,
22,
28,
61,
3,
22,
26,
67,
1,
13,
6,
6,
13,
12,
2,
10,
32,
13,
16,
36,
11,
37,
16,
0,
29,
11,
35,
28,
48,
6,
0,
23,
45,
53,
6,
17,
50,
8,
13,
40,
9,
33,
22,
8,
2,
9,
76,
12,
48,
10,
76,
84,
61,
29,
13,
4,
6,
25,
38,
3,
10,
16,
5,
20,
141,
33,
6,
36,
36,
21,
3,
7,
31,
64,
68,
31,
14,
22,
10,
3,
57,
37,
15,
42,
124,
3,
56,
11,
38,
42,
5,
23,
3,
14,
2,
126,
11,
80,
124,
63,
5,
7,
1,
69,
57,
6,
24,
35,
48,
8,
35,
66,
18,
5,
47,
6,
1,
20,
5,
15,
2,
34,
30,
8,
44,
17,
74,
24,
5,
68,
38,
5,
110,
9,
69,
78,
19,
46,
18,
34,
24,
1,
3,
2,
25,
21,
12,
15,
75,
40,
5,
19,
25,
6,
13,
56,
22,
48,
3,
42,
102,
49,
57,
0,
0,
30,
49,
11,
82,
14,
25,
2,
7,
1,
5,
23,
72,
53,
86,
22,
1,
16,
13,
20,
21,
11,
37,
22,
44,
42,
27,
45,
179,
23,
25,
1,
29,
5,
3,
9,
58,
17,
44,
38,
55,
3,
46,
43,
20,
66,
80,
11,
15,
15,
5,
18,
23,
8,
17,
5,
27,
23,
10,
6,
0,
47,
21,
32,
67,
73,
39,
23,
4,
33,
11,
10,
47,
136,
3,
36,
26,
87,
49,
9,
15,
26,
73,
15,
2,
86,
113,
4,
16,
9,
40,
35,
136,
53,
95,
21,
10,
13,
66,
31,
33,
27,
122,
66,
27,
100,
32,
53,
21,
81,
43,
21,
45,
21,
12,
82,
20,
59,
8,
47,
60,
82,
19,
24,
9,
32,
16,
0,
3,
32,
26,
11,
27,
5,
13,
0,
59,
12,
19,
21,
61,
87,
120,
29,
34,
4,
19,
14,
15,
129,
16,
3,
10,
7,
40,
9,
7,
74,
2,
3,
1,
9,
48,
58,
73,
28,
48,
4,
41,
66,
5,
25,
82,
8,
57,
37,
93,
32,
41,
14,
16,
27,
37,
37,
12,
54,
43,
10,
14,
40,
16,
19,
11,
107,
82,
2,
155,
82,
5,
9,
8,
50,
0,
37,
22,
48,
42,
17,
