# pool (shape [1, 1, 1024]),
1,
3,
1,
2,
1,
22,
2,
0,
0,
54,
27,
1,
0,
0,
0,
3,
31,
6,
92,
3,
0,
3,
18,
0,
9,
0,
0,
0,
38,
0,
0,
0,
31,
27,
57,
3,
7,
0,
0,
43,
0,
16,
6,
0,
1,
1,
1,
28,
0,
7,
8,
13,
0,
0,
33,
0,
38,
0,
0,
0,
37,
0,
0,
18,
12,
0,
0,
15,
0,
17,
3,
5,
57,
3,
29,
0,
35,
3,
0,
23,
3,
47,
3,
28,
19,
70,
28,
0,
1,
0,
0,
8,
0,
0,
23,
0,
4,
2,
0,
24,
2,
2,
0,
0,
20,
23,
4,
7,
0,
1,
22,
0,
0,
0,
56,
1,
0,
0,
0,
11,
1,
0,
1,
28,
0,
17,
0,
26,
10,
6,
0,
0,
16,
4,
1,
7,
0,
0,
0,
0,
10,
52,
9,
1,
9,
8,
2,
7,
0,
31,
0,
34,
10,
0,
14,
16,
80,
31,
50,
0,
21,
13,
2,
13,
0,
71,
108,
7,
39,
7,
0,
5,
5,
0,
0,
51,
22,
0,
4,
1,
0,
0,
0,
6,
0,
0,
2,
2,
0,
46,
25,
3,
17,
8,
1,
29,
61,
2,
22,
33,
19,
15,
20,
2,
0,
0,
3,
0,
0,
1,
1,
0,
15,
2,
10,
0,
0,
0,
11,
0,
0,
0,
16,
19,
33,
1,
0,
14,
0,
8,
58,
5,
0,
4,
66,
7,
0,
14,
18,
0,
0,
2,
0,
30,
0,
2,
9,
0,
29,
0,
17,
2,
22,
41,
51,
2,
48,
0,
6,
5,
5,
13,
10,
0,
0,
6,
0,
0,
1,
0,
19,
1,
8,
8,
10,
8,
7,
0,
1,
26,
17,
0,
7,
23,
0,
5,
1,
2,
0,
0,
115,
0,
0,
72,
25,
7,
49,
0,
0,
3,
0,
0,
53,
0,
1,
28,
5,
11,
0,
0,
0,
0,
0,
26,
12,
0,
45,
8,
0,
1,
9,
0,
33,
0,
0,
20,
1,
2,
11,
7,
39,
0,
0,
31,
24,
10,
0,
0,
15,
60,
11,
0,
44,
76,
1,
4,
5,
6,
46,
0,
3,
24,
10,
0,
0,
13,
26,
0,
68,
40,
9,
0,
16,
0,
57,
22,
14,
0,
145,
0,
0,
5,
68,
24,
0,
0,
0,
85,
2,
52,
34,
0,
30,
8,
0,
0,
0,
45,
0,
9,
0,
0,
0,
0,
21,
0,
0,
18,
7,
0,
13,
0,
0,
0,
0,
8,
0,
51,
0,
22,
6,
31,
1,
0,
0,
52,
0,
0,
36,
20,
0,
27,
5,
0,
4,
0,
5,
21,
0,
6,
0,
3,
0,
0,
40,
0,
13,
0,
6,
11,
9,
0,
0,
34,
11,
0,
61,
2,
0,
4,
0,
0,
140,
3,
0,
22,
0,
35,
10,
0,
39,
0,
20,
20,
2,
0,
0,
21,
16,
53,
30,
0,
0,
6,
0,
50,
30,
0,
4,
0,
0,
0,
48,
0,
0,
0,
9,
0,
0,
0,
0,
4,
11,
0,
17,
0,
26,
2,
26,
2,
21,
0,
15,
18,
0,
0,
3,
11,
7,
4,
19,
0,
14,
23,
8,
2,
0,
1,
0,
32,
106,
0,
15,
2,
24,
19,
0,
1,
1,
13,
42,
0,
1,
5,
48,
0,
16,
18,
1,
42,
24,
0,
52,
37,
1,
43,
2,
6,
19,
10,
8,
88,
9,
0,
0,
1,
22,
33,
32,
0,
9,
0,
0,
66,
31,
11,
60,
0,
25,
0,
0,
7,
0,
3,
0,
27,
4,
0,
36,
30,
3,
2,
0,
3,
7,
3,
0,
15,
38,
10,
13,
20,
26,
0,
0,
0,
0,
3,
15,
86,
5,
33,
3,
35,
0,
11,
0,
1,
46,
0,
30,
14,
0,
9,
0,
0,
0,
15,
0,
13,
17,
7,
3,
53,
30,
10,
0,
18,
2,
7,
72,
12,
13,
79,
28,
21,
0,
52,
23,
3,
0,
0,
19,
0,
0,
20,
13,
6,
33,
5,
0,
24,
0,
0,
37,
0,
3,
9,
0,
11,
12,
0,
4,
3,
25,
0,
28,
1,
21,
0,
0,
8,
0,
0,
16,
3,
29,
0,
27,
0,
6,
8,
2,
0,
2,
0,
42,
7,
19,
19,
7,
0,
0,
24,
0,
0,
0,
13,
10,
0,
0,
0,
1,
2,
3,
13,
0,
2,
14,
0,
0,
6,
17,
2,
21,
13,
56,
14,
3,
0,
0,
55,
36,
22,
18,
0,
4,
37,
10,
0,
52,
0,
1,
0,
0,
10,
0,
9,
17,
55,
25,
47,
6,
0,
0,
38,
0,
56,
34,
72,
22,
0,
10,
11,
3,
0,
0,
30,
28,
0,
9,
3,
4,
7,
1,
2,
0,
0,
50,
32,
0,
4,
17,
15,
79,
0,
40,
43,
6,
63,
20,
0,
0,
0,
4,
0,
0,
0,
0,
0,
16,
15,
10,
18,
23,
12,
0,
1,
10,
0,
0,
0,
37,
0,
0,
15,
6,
8,
0,
10,
19,
11,
9,
0,
32,
46,
0,
0,
56,
9,
7,
0,
18,
41,
11,
0,
66,
25,
0,
2,
55,
21,
9,
38,
1,
56,
14,
39,
3,
0,
24,
7,
13,
73,
0,
27,
0,
0,
0,
5,
26,
22,
4,
1,
5,
2,
53,
15,
0,
13,
32,
7,
27,
0,
4,
0,
0,
19,
32,
0,
14,
44,
3,
35,
24,
0,
49,
6,
0,
11,
0,
5,
19,
7,
44,
7,
7,
1,
86,
3,
26,
0,
1,
0,
3,
0,
11,
0,
6,
0,
8,
11,
32,
37,
5,
0,
1,
24,
21,
7,
8,
3,
0,
0,
17,
17,
9,
2,
0,
0,
0,
16,
5,
16,
14,
22,
21,
22,
29,
4,
28,
1,
78,
0,
62,
0,
0,
5,
15,
39,
31,
1,
0,
9,
1,
44,
41,
0,
0,
16,
80,
36,
80,
1,
0,
3,
55,
0,
22,
1,
39,
0,
87,
1,
21,
100,
20,
0,
1,
24,
4,
11,
21,
20,
13,
12,
1,
18,
1,
1,
4,
1,
13,
0,
33,
35,
0,
0,
5,
10,
3,
0,
76,
0,
2,
33,
7,
0,
2,
0,
0,
91,
38,
34,
1,
1,
2,
5,
1,
0,
0,
3,
22,
63,
23,
10,
29,
0,
0,
20,
21,
6,
19,
3,
