# layer1.conv2 (shape [6, 10, 32]),
-390.000,
-129.000,
1677.000,
-1938.000,
27.000,
-524.000,
427.000,
-2759.000,
1467.000,
-775.000,
467.000,
9.000,
-1069.000,
-1343.000,
-306.000,
-273.000,
-1787.000,
-1264.000,
-251.000,
1075.000,
118.000,
-1118.000,
1686.000,
602.000,
-84.000,
-1537.000,
1897.000,
-1016.000,
-3161.000,
-1442.000,
-1971.000,
-599.000,
421.000,
-389.000,
2256.000,
-1306.000,
-2423.000,
-325.000,
-803.000,
-3243.000,
162.000,
-360.000,
-619.000,
-249.000,
-1759.000,
-1837.000,
-940.000,
-771.000,
-523.000,
-1703.000,
-399.000,
-1003.000,
223.000,
-90.000,
-274.000,
677.000,
-417.000,
-3022.000,
1684.000,
-1011.000,
-3244.000,
-343.000,
-210.000,
665.000,
-1406.000,
-112.000,
2652.000,
-300.000,
-731.000,
-385.000,
-760.000,
-2604.000,
-996.000,
-417.000,
-828.000,
-753.000,
-1369.000,
-3012.000,
-2077.000,
-1688.000,
-1641.000,
529.000,
-677.000,
-793.000,
1542.000,
507.000,
-481.000,
559.000,
-1268.000,
-3395.000,
2222.000,
-2386.000,
-2731.000,
943.000,
-3150.000,
569.000,
-2095.000,
-596.000,
1376.000,
-2484.000,
-432.000,
413.000,
-845.000,
-3576.000,
-1497.000,
-647.000,
-2058.000,
-3633.000,
-1055.000,
-2243.000,
-1694.000,
-2132.000,
-2427.000,
-2849.000,
-2095.000,
-1714.000,
1810.000,
570.000,
1598.000,
-2800.000,
-2049.000,
-2653.000,
3455.000,
-2703.000,
-4097.000,
-976.000,
-2179.000,
322.000,
-2279.000,
372.000,
2550.000,
-2393.000,
-1023.000,
889.000,
-1161.000,
-5391.000,
-667.000,
-3267.000,
-2408.000,
-2467.000,
-3174.000,
-1634.000,
-245.000,
-1423.000,
-1838.000,
-1417.000,
-612.000,
-2289.000,
3756.000,
1217.000,
217.000,
-3371.000,
-900.000,
-3341.000,
3597.000,
-1446.000,
-3539.000,
-1328.000,
-1160.000,
1165.000,
-1963.000,
569.000,
2286.000,
-2074.000,
318.000,
108.000,
-1155.000,
-2788.000,
-1451.000,
-1767.000,
-893.000,
-1592.000,
-887.000,
-1370.000,
-890.000,
-1702.000,
-2086.000,
-378.000,
-222.000,
-1889.000,
2609.000,
1225.000,
-681.000,
-1401.000,
-808.000,
-3478.000,
4109.000,
-1080.000,
-1787.000,
-1286.000,
-1444.000,
1341.000,
-2210.000,
257.000,
2155.000,
-2076.000,
-90.000,
183.000,
-1896.000,
-2924.000,
-1754.000,
-1705.000,
-1352.000,
-1960.000,
-1992.000,
-2135.000,
-436.000,
-1517.000,
-2277.000,
-1254.000,
-917.000,
-2233.000,
2254.000,
1349.000,
160.000,
-1836.000,
-466.000,
-2999.000,
3755.000,
-1903.000,
-1573.000,
-984.000,
-664.000,
819.000,
-1608.000,
1.000,
2358.000,
-2663.000,
289.000,
-258.000,
-2214.000,
-3688.000,
-461.000,
-1517.000,
-1689.000,
-1249.000,
-2122.000,
-2569.000,
429.000,
-1364.000,
-2405.000,
-214.000,
-348.000,
-2326.000,
2882.000,
1510.000,
195.000,
-1843.000,
49.000,
-2175.000,
3401.000,
-384.000,
-933.000,
-496.000,
-415.000,
1269.000,
-1657.000,
-405.000,
2523.000,
-2285.000,
902.000,
-809.000,
-1004.000,
-3158.000,
-32.000,
-825.000,
-584.000,
-919.000,
-620.000,
-2399.000,
-272.000,
-997.000,
-1855.000,
-814.000,
-365.000,
-1475.000,
1588.000,
606.000,
-452.000,
-1738.000,
-170.000,
-1800.000,
2607.000,
-748.000,
-838.000,
-404.000,
-200.000,
1287.000,
-1935.000,
1079.000,
1905.000,
-1236.000,
-385.000,
-1250.000,
-1654.000,
-3222.000,
-302.000,
-811.000,
-999.000,
-698.000,
-3203.000,
-2194.000,
-241.000,
-864.000,
-502.000,
-1393.000,
-632.000,
-2338.000,
1107.000,
927.000,
-1070.000,
-983.000,
1139.000,
-612.000,
1287.000,
-1414.000,
-874.000,
313.000,
2117.000,
1446.000,
-464.000,
-472.000,
1930.000,
-1140.000,
642.000,
-567.000,
293.000,
-2187.000,
19.000,
-474.000,
36.000,
474.000,
-945.000,
-2823.000,
-1271.000,
769.000,
-1002.000,
-537.000,
621.000,
950.000,
-144.000,
-1039.000,
1034.000,
-333.000,
-806.000,
-880.000,
1304.000,
-2054.000,
-4796.000,
-747.000,
-2717.000,
-1277.000,
-1821.000,
-1466.000,
1454.000,
-2116.000,
-1617.000,
-992.000,
-667.000,
-3389.000,
341.000,
137.000,
-977.000,
-1064.000,
-2145.000,
-5890.000,
-2029.000,
-209.000,
1315.000,
-3157.000,
577.000,
-904.000,
-2.000,
-590.000,
-853.000,
-2553.000,
-625.000,
-962.000,
1270.000,
-3148.000,
-4034.000,
1818.000,
626.000,
1357.000,
-680.000,
2006.000,
-248.000,
-1703.000,
-2431.000,
-7296.000,
-2133.000,
-3422.000,
-1892.000,
1227.000,
-2177.000,
-3643.000,
-7142.000,
-5690.000,
495.000,
-1656.000,
626.000,
2607.000,
-404.000,
-2210.000,
6071.000,
-2384.000,
290.000,
-2914.000,
-1402.000,
-3435.000,
1850.000,
-295.000,
-5837.000,
5095.000,
-4326.000,
411.000,
-1461.000,
-7634.000,
1685.000,
-666.000,
-1498.000,
-3249.000,
2995.000,
-438.000,
-1511.000,
3742.000,
-3384.000,
-3071.000,
3899.000,
-7272.000,
-2321.000,
914.000,
-4640.000,
-1882.000,
2013.000,
-2113.000,
-2859.000,
-4036.000,
1354.000,
-2398.000,
-7378.000,
-962.000,
2251.000,
-2018.000,
-6469.000,
444.000,
-9555.000,
-1067.000,
-2820.000,
-3709.000,
1782.000,
-6813.000,
-6942.000,
514.000,
-827.000,
-8663.000,
-416.000,
-2865.000,
-1200.000,
-2466.000,
-4760.000,
-1864.000,
-4685.000,
590.000,
-3633.000,
-4597.000,
-3728.000,
498.000,
4839.000,
1316.000,
3240.000,
-6528.000,
-3127.000,
-5379.000,
4055.000,
-7116.000,
-5194.000,
-6.000,
-3182.000,
161.000,
-1438.000,
250.000,
2172.000,
-2814.000,
-163.000,
-1161.000,
109.000,
-2971.000,
-747.000,
-1783.000,
-2085.000,
15.000,
-1225.000,
-3797.000,
-1810.000,
-576.000,
-772.000,
-1280.000,
-621.000,
-2636.000,
3205.000,
1527.000,
467.000,
-2029.000,
184.000,
-1946.000,
3749.000,
-1837.000,
-2690.000,
-264.000,
-1806.000,
633.000,
-2938.000,
-788.000,
1458.000,
-1681.000,
-363.000,
-1765.000,
-589.000,
-2259.000,
-1283.000,
-302.000,
-2147.000,
-311.000,
-1459.000,
-3893.000,
-2150.000,
-682.000,
-1345.000,
-678.000,
-549.000,
-2444.000,
2442.000,
1892.000,
-16.000,
-1742.000,
121.000,
-1980.000,
2757.000,
-1563.000,
-1554.000,
-295.000,
-1117.000,
-1185.000,
-1934.000,
-1197.000,
1289.000,
-2681.000,
-599.000,
-1953.000,
-1093.000,
-3050.000,
782.000,
34.000,
-2791.000,
-251.000,
-2106.000,
-3397.000,
-1629.000,
-48.000,
-1580.000,
-1381.000,
-211.000,
-2477.000,
2199.000,
1572.000,
944.000,
-2388.000,
662.000,
-1325.000,
2440.000,
-1347.000,
-1924.000,
664.000,
-661.000,
-615.000,
-2756.000,
305.000,
2801.000,
-1902.000,
1198.000,
-1400.000,
-501.000,
-3492.000,
275.000,
1639.000,
-1548.000,
171.000,
191.000,
-3462.000,
-1107.000,
224.000,
-1446.000,
-1289.000,
374.000,
-578.000,
2158.000,
963.000,
370.000,
-3334.000,
-100.000,
-2176.000,
1287.000,
-1641.000,
-2172.000,
698.000,
-1515.000,
-468.000,
-2418.000,
452.000,
-401.000,
-887.000,
-671.000,
-1417.000,
-1406.000,
-2634.000,
-198.000,
1123.000,
-1354.000,
29.000,
-2501.000,
-2902.000,
-1470.000,
1321.000,
-1494.000,
-1561.000,
-740.000,
-2960.000,
1149.000,
787.000,
-147.000,
-1464.000,
1452.000,
-481.000,
-236.000,
-1871.000,
-1180.000,
779.000,
1731.000,
-661.000,
-629.000,
156.000,
1809.000,
-1004.000,
-404.000,
-30.000,
516.000,
-1146.000,
54.000,
-160.000,
159.000,
731.000,
-1392.000,
-2926.000,
-1665.000,
1419.000,
-1902.000,
-304.000,
226.000,
1004.000,
-422.000,
-1128.000,
719.000,
-532.000,
-1147.000,
-1018.000,
1621.000,
-2252.000,
-4322.000,
-1487.000,
-3787.000,
-1569.000,
-2468.000,
94.000,
999.000,
-882.000,
-2358.000,
-3084.000,
-1439.000,
-3044.000,
-450.000,
3340.000,
-3726.000,
-1102.000,
-3079.000,
-5967.000,
1021.000,
509.000,
-2082.000,
-4478.000,
-31.000,
-1207.000,
-1064.000,
-2215.000,
-1161.000,
-3718.000,
-4212.000,
-340.000,
2505.000,
-5919.000,
-5061.000,
-542.000,
1925.000,
-1183.000,
-6742.000,
-1890.000,
-6325.000,
-2483.000,
1676.000,
-3965.000,
-4776.000,
-11897.000,
2932.000,
-565.000,
577.000,
-2006.000,
-10912.000,
-7573.000,
-105.000,
-1077.000,
-10122.000,
1980.000,
-1085.000,
-5248.000,
6771.000,
-4645.000,
-2142.000,
-10920.000,
1773.000,
25.000,
2055.000,
-866.000,
-4170.000,
8575.000,
2450.000,
-3293.000,
-8740.000,
-1417.000,
1566.000,
-491.000,
-881.000,
-3099.000,
8168.000,
-9278.000,
788.000,
85.000,
1707.000,
399.000,
5336.000,
-9134.000,
-901.000,
857.000,
-10015.000,
1776.000,
3719.000,
2811.000,
-6529.000,
-6213.000,
2252.000,
-4832.000,
-11561.000,
3145.000,
4866.000,
-6824.000,
-9864.000,
-1056.000,
-12679.000,
-7023.000,
-6926.000,
-5387.000,
1495.000,
2746.000,
-10794.000,
1768.000,
-1766.000,
-4544.000,
375.000,
2411.000,
-226.000,
4161.000,
-4582.000,
3631.000,
-3694.000,
1127.000,
-6067.000,
-5486.000,
2044.000,
-1431.000,
1452.000,
-4389.000,
8049.000,
2944.000,
-7960.000,
-10306.000,
2461.000,
-7990.000,
-7665.000,
-557.000,
-3317.000,
-743.000,
-3031.000,
254.000,
1557.000,
-496.000,
-180.000,
-1096.000,
-381.000,
-2619.000,
311.000,
1379.000,
-4187.000,
1979.000,
-2013.000,
-2270.000,
-444.000,
940.000,
-2768.000,
-1227.000,
-31.000,
-3214.000,
2368.000,
1133.000,
-1338.000,
-1331.000,
-1719.000,
-2020.000,
4971.000,
-1950.000,
-3434.000,
-1176.000,
-3097.000,
137.000,
-3287.000,
-800.000,
-356.000,
-496.000,
-519.000,
-2075.000,
-1800.000,
-2240.000,
241.000,
1776.000,
-4824.000,
1477.000,
-1497.000,
-3447.000,
-202.000,
70.000,
-3074.000,
-165.000,
-400.000,
-4023.000,
2224.000,
1571.000,
-1380.000,
-2518.000,
-1114.000,
-1205.000,
3027.000,
-1052.000,
-2619.000,
-1515.000,
-2347.000,
-814.000,
-2918.000,
355.000,
2275.000,
-877.000,
-1860.000,
-1254.000,
-1274.000,
-2928.000,
1891.000,
3258.000,
-5750.000,
211.000,
-3661.000,
-1719.000,
-153.000,
-421.000,
-3957.000,
-571.000,
-743.000,
-3581.000,
776.000,
-582.000,
-367.000,
-2645.000,
-213.000,
-843.000,
1769.000,
-1806.000,
-2872.000,
-329.000,
-2196.000,
-1528.000,
-1736.000,
-218.000,
444.000,
-1007.000,
-348.000,
-2086.000,
-512.000,
-2932.000,
-17.000,
2231.000,
-3131.000,
768.000,
-122.000,
-2118.000,
537.000,
241.000,
-3234.000,
352.000,
-975.000,
-3454.000,
1140.000,
1153.000,
172.000,
-4499.000,
-613.000,
-2129.000,
966.000,
762.000,
-2557.000,
-534.000,
-2247.000,
-1938.000,
-1265.000,
-233.000,
-202.000,
130.000,
-1275.000,
-2150.000,
-1079.000,
-3006.000,
-282.000,
1012.000,
-2399.000,
410.000,
-3026.000,
-2412.000,
-212.000,
2589.000,
-1503.000,
-1324.000,
-768.000,
-2313.000,
316.000,
1118.000,
-957.000,
-2350.000,
1106.000,
-368.000,
-521.000,
-974.000,
-1161.000,
672.000,
754.000,
-1980.000,
551.000,
922.000,
477.000,
-1148.000,
45.000,
452.000,
-156.000,
-1677.000,
-728.000,
-1120.000,
1351.000,
690.000,
-507.000,
-1313.000,
-714.000,
1439.000,
-1780.000,
557.000,
901.000,
668.000,
-574.000,
-1189.000,
-627.000,
-436.000,
-1074.000,
-1637.000,
1299.000,
-1173.000,
-4111.000,
-1891.000,
-3537.000,
-2083.000,
-24.000,
601.000,
-69.000,
-2979.000,
-3593.000,
-6329.000,
-974.000,
-2645.000,
1155.000,
4554.000,
-2928.000,
-2483.000,
-2966.000,
-3912.000,
4177.000,
-277.000,
-4682.000,
-2924.000,
157.000,
-1188.000,
-3828.000,
-4853.000,
-183.000,
-2161.000,
-5310.000,
-1321.000,
2371.000,
-3625.000,
-6453.000,
-2039.000,
1813.000,
-2236.000,
-3676.000,
-3940.000,
-8028.000,
-1072.000,
2518.000,
-6267.000,
-3378.000,
-9268.000,
4932.000,
-1318.000,
-3041.000,
-1569.000,
-13334.000,
-7843.000,
623.000,
-837.000,
-19738.000,
1342.000,
-3245.000,
-6488.000,
3349.000,
-6903.000,
-5149.000,
-12888.000,
439.000,
3393.000,
2192.000,
-421.000,
-4986.000,
6850.000,
3029.000,
-9458.000,
-3565.000,
-3294.000,
137.000,
-5454.000,
3203.000,
-563.000,
6902.000,
-7818.000,
-1359.000,
-4877.000,
885.000,
-1883.000,
6810.000,
-9154.000,
-3725.000,
-191.000,
-9528.000,
3833.000,
-4021.000,
1666.000,
-10875.000,
-3331.000,
2252.000,
-8017.000,
-9938.000,
-7056.000,
6553.000,
-6410.000,
-10806.000,
-7824.000,
-18056.000,
-10755.000,
-3277.000,
-5436.000,
1376.000,
-7081.000,
-12494.000,
-7968.000,
3200.000,
-9406.000,
-245.000,
-330.000,
-651.000,
85.000,
-7808.000,
4521.000,
658.000,
1943.000,
-3600.000,
-5677.000,
-7817.000,
-3306.000,
-3857.000,
-2386.000,
7760.000,
-1155.000,
-7228.000,
-5686.000,
6322.000,
-6211.000,
-7243.000,
-4553.000,
-2631.000,
-1711.000,
1212.000,
-1791.000,
-44.000,
-2030.000,
-1901.000,
-1371.000,
449.000,
-3367.000,
-1920.000,
-1132.000,
-3300.000,
353.000,
-2319.000,
-1136.000,
1309.000,
848.000,
-2147.000,
-1163.000,
-1257.000,
-1675.000,
730.000,
1211.000,
-1569.000,
-1492.000,
-1995.000,
-4303.000,
5640.000,
-1632.000,
-2665.000,
-3020.000,
-1910.000,
-1522.000,
1810.000,
-2368.000,
-998.000,
-3786.000,
-544.000,
-1648.000,
-1260.000,
-2131.000,
-1733.000,
707.000,
-2969.000,
1186.000,
-2927.000,
-1922.000,
432.000,
284.000,
-2605.000,
-924.000,
-1590.000,
-1973.000,
-1011.000,
501.000,
-1082.000,
-1127.000,
-1293.000,
-3478.000,
4367.000,
-2392.000,
-2394.000,
-2904.000,
-1121.000,
-396.000,
784.000,
-1604.000,
-94.000,
-2852.000,
-969.000,
-3780.000,
-1704.000,
-2370.000,
-2946.000,
1591.000,
-3733.000,
-338.000,
-4806.000,
-1537.000,
810.000,
-909.000,
-3991.000,
-797.000,
-840.000,
-3419.000,
-1355.000,
15.000,
-2612.000,
-2104.000,
-245.000,
-1384.000,
2556.000,
373.000,
-3388.000,
-2376.000,
418.000,
-1207.000,
771.000,
-1722.000,
-727.000,
-3929.000,
-82.000,
-3140.000,
-2600.000,
-2653.000,
-47.000,
1409.000,
-3418.000,
1065.000,
380.000,
-972.000,
1955.000,
694.000,
-3428.000,
2734.000,
-1836.000,
-1904.000,
-2209.000,
957.000,
-2597.000,
-2976.000,
-73.000,
-1444.000,
1287.000,
984.000,
-1364.000,
-1561.000,
-2521.000,
-1955.000,
760.000,
-872.000,
-498.000,
-1492.000,
-477.000,
-1195.000,
-1011.000,
-2256.000,
-848.000,
1187.000,
-2435.000,
755.000,
-2910.000,
-1587.000,
521.000,
1292.000,
-1759.000,
-283.000,
-1174.000,
166.000,
-839.000,
482.000,
-1005.000,
-349.000,
745.000,
-1161.000,
-230.000,
-1394.000,
-962.000,
220.000,
230.000,
-932.000,
187.000,
-250.000,
2037.000,
-1111.000,
-383.000,
1064.000,
-563.000,
-2785.000,
691.000,
-2075.000,
968.000,
115.000,
-700.000,
-2623.000,
-1254.000,
1506.000,
-1113.000,
4.000,
83.000,
1322.000,
196.000,
-1488.000,
369.000,
-134.000,
-718.000,
-1734.000,
1652.000,
-2478.000,
-4438.000,
-1813.000,
-3558.000,
-1379.000,
-1426.000,
2128.000,
-840.000,
-2926.000,
-3575.000,
-5754.000,
620.000,
-4890.000,
160.000,
1686.000,
-1133.000,
-4099.000,
-2460.000,
-3248.000,
2373.000,
63.000,
-3597.000,
-4493.000,
315.000,
-3636.000,
-2773.000,
-3491.000,
-489.000,
-1698.000,
-2951.000,
-2077.000,
2108.000,
-1395.000,
-6208.000,
-4021.000,
3675.000,
-1557.000,
-3048.000,
-1856.000,
-12542.000,
547.000,
3216.000,
259.000,
-4305.000,
-7699.000,
2406.000,
-3699.000,
4119.000,
-4568.000,
-7827.000,
-2090.000,
-2500.000,
-2240.000,
-16639.000,
-2439.000,
-1227.000,
-4722.000,
4271.000,
-4942.000,
-7741.000,
-10149.000,
339.000,
-1795.000,
908.000,
-4135.000,
806.000,
-3927.000,
4494.000,
-7003.000,
-1894.000,
-1067.000,
-5262.000,
-3782.000,
3808.000,
4269.000,
598.000,
-7043.000,
-265.000,
-9531.000,
3358.000,
-3732.000,
3291.000,
-7175.000,
-2491.000,
-5340.000,
-4571.000,
4238.000,
1817.000,
1395.000,
-6408.000,
-50.000,
-3265.000,
-6909.000,
-6162.000,
-6819.000,
7149.000,
-4293.000,
-5625.000,
-11580.000,
-9761.000,
-8411.000,
-8913.000,
-4345.000,
339.000,
-2791.000,
-859.000,
-10600.000,
14.000,
-4024.000,
1091.000,
3752.000,
4440.000,
-3524.000,
371.000,
893.000,
3286.000,
1459.000,
-3134.000,
4838.000,
3771.000,
346.000,
-5126.000,
-3868.000,
5906.000,
2487.000,
-3448.000,
-3999.000,
6475.000,
232.000,
-8033.000,
-8710.000,
-3882.000,
1177.000,
130.000,
-5629.000,
164.000,
-1555.000,
-2875.000,
-215.000,
-363.000,
-3154.000,
1446.000,
-2899.000,
1004.000,
267.000,
-2725.000,
-1969.000,
-2079.000,
2011.000,
-3306.000,
-792.000,
-1690.000,
-1229.000,
1933.000,
-1385.000,
2170.000,
781.000,
-274.000,
-3278.000,
6181.000,
-4334.000,
-5558.000,
-1235.000,
-2570.000,
223.000,
-84.000,
-2649.000,
935.000,
-659.000,
-1196.000,
1001.000,
-1066.000,
-1317.000,
217.000,
-1580.000,
-168.000,
-1628.000,
-1138.000,
-5064.000,
-2255.000,
485.000,
-1608.000,
-971.000,
-1128.000,
-2582.000,
143.000,
-254.000,
-1087.000,
1019.000,
13.000,
-3563.000,
4412.000,
-2801.000,
-3730.000,
-1891.000,
-818.000,
-240.000,
-732.000,
-1049.000,
-1574.000,
-1926.000,
-904.000,
498.000,
-1532.000,
-2328.000,
282.000,
-2044.000,
-887.000,
-2304.000,
-2194.000,
-6045.000,
-2582.000,
775.000,
-2538.000,
-2150.000,
-2764.000,
-4122.000,
1405.000,
965.000,
-1343.000,
-274.000,
380.000,
-2757.000,
1803.000,
-2172.000,
-2378.000,
-3696.000,
2189.000,
-1076.000,
180.000,
-956.000,
861.000,
-2362.000,
-204.000,
1488.000,
-3130.000,
-2416.000,
829.000,
-2788.000,
-1479.000,
-1108.000,
-786.000,
-4021.000,
-133.000,
649.000,
-2226.000,
324.000,
-1416.000,
-3425.000,
-373.000,
297.000,
-1090.000,
-956.000,
-295.000,
-2100.000,
784.000,
-1186.000,
-1773.000,
-2083.000,
293.000,
-1271.000,
-429.000,
696.000,
65.000,
-45.000,
164.000,
252.000,
-1697.000,
-1602.000,
566.000,
-1143.000,
-687.000,
-162.000,
-2943.000,
-2640.000,
1219.000,
809.000,
-486.000,
-604.000,
271.000,
-2916.000,
-94.000,
-424.000,
-2207.000,
986.000,
981.000,
-893.000,
909.000,
-432.000,
-706.000,
-888.000,
1209.000,
-21.000,
-1089.000,
507.000,
2686.000,
-549.000,
58.000,
-908.000,
1167.000,
-1983.000,
-70.000,
356.000,
205.000,
1287.000,
-117.000,
-717.000,
-751.000,
191.000,
-649.000,
927.000,
259.000,
149.000,
-1213.000,
-313.000,
-1484.000,
-926.000,
-965.000,
-695.000,
835.000,
-2368.000,
-4033.000,
-275.000,
-3231.000,
-2677.000,
-1307.000,
1173.000,
-13.000,
-1628.000,
-2139.000,
-4036.000,
934.000,
-2855.000,
-531.000,
2629.000,
-2187.000,
-1191.000,
-490.000,
-1901.000,
900.000,
501.000,
-3357.000,
-965.000,
-2267.000,
-2087.000,
-1409.000,
-737.000,
588.000,
-1877.000,
-1747.000,
-2099.000,
175.000,
-1313.000,
-4038.000,
-2756.000,
-565.000,
-1045.000,
1895.000,
-2780.000,
-5627.000,
-1972.000,
-113.000,
3338.000,
-309.000,
-4287.000,
1110.000,
-3959.000,
1134.000,
-2694.000,
-2152.000,
-3248.000,
2594.000,
-31.000,
-6345.000,
-480.000,
-4150.000,
-3211.000,
2018.000,
3479.000,
-5192.000,
-4188.000,
-12.000,
-3173.000,
-1928.000,
-2033.000,
4103.000,
-3716.000,
1478.000,
-157.000,
1501.000,
-517.000,
-2099.000,
-1941.000,
2220.000,
-38.000,
204.000,
-2303.000,
-3000.000,
-7672.000,
2174.000,
-4979.000,
-732.000,
-3642.000,
2004.000,
-6869.000,
284.000,
-1142.000,
-5099.000,
326.000,
-2918.000,
-3352.000,
-7105.000,
-1162.000,
-3190.000,
-4830.000,
4776.000,
-1986.000,
1837.000,
-7480.000,
-2388.000,
-4921.000,
-445.000,
2780.000,
3012.000,
1664.000,
-2463.000,
-9868.000,
518.000,
-3777.000,
-1616.000,
-3071.000,
1459.000,
-2807.000,
-1635.000,
-1664.000,
1674.000,
-4391.000,
436.000,
-604.000,
628.000,
-2315.000,
-5819.000,
3049.000,
1736.000,
3664.000,
-2436.000,
-5057.000,
6149.000,
-2858.000,
-2546.000,
-3309.000,
-4473.000,
-1400.000,
-1569.000,
-2646.000,
2345.000,
987.000,
-1432.000,
-5225.000,
1242.000,
-3247.000,
-1555.000,
1747.000,
381.000,
992.000,
-3097.000,
-1185.000,
190.000,
318.000,
-810.000,
-1175.000,
-256.000,
-2878.000,
-3106.000,
1630.000,
-641.000,
2055.000,
-2173.000,
-2888.000,
2972.000,
-2263.000,
-2344.000,
-629.000,
-2226.000,
-1905.000,
189.000,
-2463.000,
507.000,
-1784.000,
-1253.000,
-3406.000,
65.000,
-1853.000,
-1644.000,
1609.000,
-3337.000,
811.000,
-1031.000,
-3367.000,
-1764.000,
861.000,
-334.000,
-183.000,
-1525.000,
-2593.000,
-2507.000,
2596.000,
-2225.000,
-661.000,
-2186.000,
-1391.000,
1982.000,
-1515.000,
-2542.000,
998.000,
-819.000,
-1376.000,
340.000,
-2539.000,
-490.000,
-2101.000,
-1049.000,
-2109.000,
-803.000,
-2396.000,
-1075.000,
1030.000,
-4144.000,
457.000,
-1359.000,
-3538.000,
-1836.000,
1025.000,
-696.000,
-530.000,
-1094.000,
-1788.000,
-1957.000,
2628.000,
-1789.000,
-1522.000,
-1167.000,
-889.000,
443.000,
-2016.000,
-1965.000,
721.000,
-616.000,
-941.000,
118.000,
-1862.000,
1501.000,
-3282.000,
-312.000,
-1734.000,
-1161.000,
-3258.000,
310.000,
354.000,
-3681.000,
-531.000,
-1227.000,
-2564.000,
-910.000,
-163.000,
-1083.000,
94.000,
-1988.000,
-2353.000,
-1136.000,
2159.000,
-1258.000,
-1676.000,
-99.000,
-724.000,
221.000,
-1404.000,
-1995.000,
96.000,
-99.000,
-422.000,
-409.000,
-191.000,
-211.000,
-2242.000,
43.000,
-1396.000,
-670.000,
-2786.000,
-18.000,
-81.000,
-1520.000,
-16.000,
-1680.000,
-2529.000,
-985.000,
637.000,
-1036.000,
-169.000,
-1938.000,
-1949.000,
-514.000,
1858.000,
-1503.000,
-1397.000,
247.000,
195.000,
192.000,
-861.000,
-641.000,
-156.000,
1615.000,
-677.000,
