# layer2.conv1 (shape [3, 5, 64]),
-1106.000,
246.000,
375.000,
-615.000,
-3669.000,
-1654.000,
598.000,
-111.000,
-1793.000,
917.000,
-832.000,
-2361.000,
-4606.000,
-303.000,
-289.000,
651.000,
2948.000,
1321.000,
-738.000,
-400.000,
-305.000,
1326.000,
-35.000,
-580.000,
-1937.000,
-765.000,
-197.000,
-958.000,
341.000,
-1322.000,
-1359.000,
1073.000,
-1217.000,
-1123.000,
-1476.000,
-203.000,
914.000,
-2145.000,
-1345.000,
-531.000,
1142.000,
-1466.000,
-1120.000,
-81.000,
-753.000,
107.000,
1864.000,
-2734.000,
1115.000,
953.000,
-6.000,
-239.000,
-1252.000,
-2.000,
-1319.000,
728.000,
-982.000,
-1918.000,
-563.000,
1244.000,
1554.000,
-1370.000,
-1933.000,
-255.000,
-1570.000,
-1803.000,
-1823.000,
-3745.000,
-2759.000,
-6954.000,
-1263.000,
2700.000,
-6755.000,
-1385.000,
-100.000,
-3525.000,
-5536.000,
-570.000,
-2157.000,
2148.000,
-1170.000,
947.000,
-38.000,
-3009.000,
-5461.000,
7211.000,
-2638.000,
-3930.000,
-1067.000,
-6589.000,
-297.000,
-2640.000,
-95.000,
251.000,
-4194.000,
1492.000,
-3876.000,
198.000,
-2176.000,
-3476.000,
1150.000,
-4413.000,
-2346.000,
-3524.000,
-1834.000,
-4301.000,
-2426.000,
2052.000,
-3340.000,
-4466.000,
2997.000,
-3452.000,
-3609.000,
1665.000,
186.000,
725.000,
-5373.000,
3658.000,
-8634.000,
-574.000,
-857.000,
-6616.000,
-3688.000,
816.000,
270.000,
-2220.000,
-3143.000,
-5171.000,
-469.000,
-549.000,
-3453.000,
2658.000,
-5140.000,
-2839.000,
-5844.000,
1648.000,
-2007.000,
1074.000,
-1463.000,
-9651.000,
-6344.000,
-556.000,
-375.000,
762.000,
1441.000,
-594.000,
-361.000,
-3010.000,
-2044.000,
5383.000,
-641.000,
-1640.000,
461.000,
-7369.000,
-2499.000,
1356.000,
-829.000,
-769.000,
-2593.000,
4618.000,
157.000,
4.000,
-2515.000,
-115.000,
-4418.000,
-1494.000,
-386.000,
-3714.000,
-1135.000,
-1608.000,
-951.000,
-215.000,
-2972.000,
-6883.000,
-100.000,
-2790.000,
224.000,
1267.000,
646.000,
368.000,
-4016.000,
1202.000,
688.000,
-1960.000,
-2952.000,
-5100.000,
-2742.000,
-163.000,
2399.000,
-3095.000,
-2779.000,
-5900.000,
186.000,
-408.000,
-1658.000,
-218.000,
435.000,
-1099.000,
-3096.000,
2802.000,
-764.000,
866.000,
-808.000,
-2969.000,
-1102.000,
-111.000,
-1412.000,
829.000,
428.000,
-1065.000,
-1998.000,
-4284.000,
-1848.000,
2152.000,
-1955.000,
419.000,
828.000,
-6643.000,
-549.000,
724.000,
1280.000,
-870.000,
-2529.000,
1643.000,
-1862.000,
2692.000,
-1288.000,
-2739.000,
866.000,
-4286.000,
-273.000,
-3059.000,
285.000,
-2064.000,
-2275.000,
3169.000,
-3725.000,
-4345.000,
249.000,
151.000,
-788.000,
325.000,
-405.000,
305.000,
-3955.000,
1518.000,
-3971.000,
-2963.000,
-1651.000,
14.000,
-2999.000,
407.000,
1312.000,
-1745.000,
-1476.000,
-2321.000,
958.000,
875.000,
46.000,
-1101.000,
929.000,
-5001.000,
-2372.000,
2177.000,
126.000,
2308.000,
-161.000,
-1208.000,
-3942.000,
1866.000,
-2028.000,
1033.000,
1946.000,
712.000,
-133.000,
-4565.000,
-2143.000,
1049.000,
-2118.000,
-181.000,
-933.000,
-5167.000,
-1101.000,
-1098.000,
1466.000,
-673.000,
-2019.000,
1875.000,
-1802.000,
-391.000,
-3207.000,
-969.000,
832.000,
-2447.000,
-2831.000,
-2178.000,
735.000,
-3284.000,
-3649.000,
1411.000,
-4205.000,
-3932.000,
3071.000,
-2800.000,
-65.000,
1078.000,
913.000,
-1418.000,
-3353.000,
1922.000,
-3952.000,
-908.000,
359.000,
203.000,
-3695.000,
3747.000,
1654.000,
-1316.000,
-2458.000,
-398.000,
1808.000,
937.000,
2445.000,
-3485.000,
-1892.000,
-2036.000,
-368.000,
-1463.000,
-2931.000,
-665.000,
-3369.000,
-382.000,
-1473.000,
-491.000,
-111.000,
-944.000,
3918.000,
-361.000,
1838.000,
-15.000,
-2866.000,
-204.000,
243.000,
-775.000,
-1959.000,
-2338.000,
-2598.000,
-2291.000,
-1727.000,
-1173.000,
-923.000,
1191.000,
-1608.000,
-3436.000,
-3300.000,
3204.000,
-10.000,
912.000,
-2572.000,
-1167.000,
933.000,
-4248.000,
-3616.000,
-3179.000,
917.000,
-1066.000,
-575.000,
-3182.000,
312.000,
-857.000,
-1360.000,
-13.000,
-1333.000,
1904.000,
-3670.000,
-339.000,
-3068.000,
-1963.000,
-4907.000,
3056.000,
1249.000,
-548.000,
-3525.000,
731.000,
7027.000,
-268.000,
-5911.000,
-1371.000,
1605.000,
-10482.000,
-2757.000,
7720.000,
-3390.000,
-9063.000,
-659.000,
-4893.000,
-5335.000,
-1516.000,
-10982.000,
-5430.000,
8129.000,
3681.000,
521.000,
-14103.000,
-309.000,
456.000,
-6360.000,
-1266.000,
-9684.000,
7664.000,
-19600.000,
-10115.000,
3996.000,
3319.000,
-13049.000,
-804.000,
-1842.000,
-5541.000,
-11284.000,
-7535.000,
-10418.000,
-3095.000,
-10946.000,
1976.000,
-3778.000,
-312.000,
-6665.000,
-6723.000,
-6732.000,
-7135.000,
16418.000,
-7676.000,
-4169.000,
-1914.000,
-4647.000,
-5682.000,
-2608.000,
10100.000,
-7145.000,
2659.000,
6993.000,
-10703.000,
-367.000,
-5279.000,
-2614.000,
-1422.000,
-9292.000,
-2533.000,
-2776.000,
-4486.000,
-13336.000,
-6304.000,
-9944.000,
-4937.000,
-9106.000,
7231.000,
-342.000,
-3624.000,
-8589.000,
-14638.000,
-7435.000,
-6600.000,
-2978.000,
2682.000,
-6647.000,
-2045.000,
154.000,
8233.000,
-3677.000,
237.000,
1601.000,
-9669.000,
-6447.000,
-13207.000,
-7339.000,
-2662.000,
-4275.000,
-7007.000,
4521.000,
-2609.000,
-1667.000,
-7277.000,
2186.000,
1362.000,
-4135.000,
732.000,
-812.000,
-7637.000,
-3981.000,
-2167.000,
3413.000,
-10846.000,
-1374.000,
-8858.000,
-7868.000,
-1030.000,
601.000,
-16288.000,
1425.000,
1610.000,
-894.000,
1113.000,
1515.000,
7566.000,
-3930.000,
-5194.000,
-6916.000,
61.000,
-104.000,
-9685.000,
-10433.000,
-7241.000,
-269.000,
-1882.000,
-541.000,
-2111.000,
1767.000,
-303.000,
556.000,
279.000,
91.000,
235.000,
-4495.000,
-2660.000,
-602.000,
-1361.000,
-8.000,
-973.000,
986.000,
-1319.000,
317.000,
-2167.000,
-2067.000,
-1347.000,
-644.000,
-1761.000,
-989.000,
-4565.000,
-1525.000,
-3579.000,
597.000,
-86.000,
-3923.000,
-658.000,
-5342.000,
2311.000,
-4787.000,
748.000,
469.000,
-549.000,
385.000,
-26.000,
41.000,
-3401.000,
-3923.000,
-1590.000,
-3449.000,
-5194.000,
1895.000,
-1934.000,
-69.000,
-1793.000,
-720.000,
-1219.000,
-1280.000,
505.000,
-4837.000,
-1844.000,
-946.000,
-3475.000,
-5172.000,
-2093.000,
-662.000,
-2107.000,
-2011.000,
-185.000,
1337.000,
-599.000,
1199.000,
-4172.000,
3591.000,
-2298.000,
-1067.000,
136.000,
803.000,
1129.000,
-4498.000,
1298.000,
7.000,
743.000,
-916.000,
-2397.000,
583.000,
229.000,
1197.000,
-1196.000,
188.000,
-1985.000,
-1701.000,
331.000,
-2694.000,
-1159.000,
-1975.000,
-2925.000,
-1364.000,
-2511.000,
-4088.000,
-2192.000,
-4279.000,
2628.000,
-7537.000,
866.000,
-2018.000,
-354.000,
-3896.000,
-25.000,
-2068.000,
-630.000,
-2134.000,
-6431.000,
-4620.000,
-1487.000,
3888.000,
-3176.000,
2905.000,
-813.000,
324.000,
-203.000,
-510.000,
1299.000,
-4409.000,
-1230.000,
-588.000,
-4103.000,
-4286.000,
-2618.000,
-590.000,
292.000,
-4183.000,
1652.000,
-1820.000,
1437.000,
113.000,
-3693.000,
-2483.000,
-2874.000,
-991.000,
-1020.000,
-2798.000,
-721.000,
-3667.000,
1245.000,
-2423.000,
-1171.000,
-1002.000,
2696.000,
2162.000,
1152.000,
1235.000,
92.000,
-1997.000,
1147.000,
2134.000,
885.000,
-632.000,
1539.000,
-4094.000,
45.000,
-2814.000,
-678.000,
-208.000,
1111.000,
1390.000,
-3254.000,
-2103.000,
1136.000,
486.000,
-62.000,
-3759.000,
-3447.000,
-184.000,
-3760.000,
-64.000,
-1529.000,
3776.000,
715.000,
-1092.000,
-4763.000,
1914.000,
-1300.000,
455.000,
2703.000,
-819.000,
-584.000,
-2875.000,
497.000,
123.000,
-1503.000,
-3694.000,
882.000,
671.000,
132.000,
-3179.000,
941.000,
-2495.000,
-1301.000,
-7688.000,
8532.000,
-1492.000,
-1459.000,
-9494.000,
5696.000,
-10635.000,
4199.000,
5323.000,
-1753.000,
-9284.000,
-2477.000,
-8367.000,
-2391.000,
3979.000,
-3405.000,
-11415.000,
-12485.000,
-1959.000,
3333.000,
-5623.000,
3392.000,
522.000,
3749.000,
-12690.000,
-888.000,
-2569.000,
3924.000,
-13761.000,
-2240.000,
-2758.000,
10276.000,
-3652.000,
-6619.000,
-4615.000,
-4410.000,
-9161.000,
-5195.000,
1882.000,
4812.000,
-10875.000,
-8925.000,
1687.000,
-2509.000,
8385.000,
-748.000,
52.000,
-8377.000,
-6046.000,
-3844.000,
-3400.000,
1153.000,
2255.000,
-2112.000,
2733.000,
4203.000,
839.000,
-2905.000,
1501.000,
9424.000,
-9251.000,
-4655.000,
-2615.000,
-3460.000,
-8533.000,
-10927.000,
-3834.000,
3001.000,
-4956.000,
3589.000,
-1582.000,
-4025.000,
1225.000,
-9638.000,
1832.000,
-9986.000,
-9906.000,
-3523.000,
-3567.000,
318.000,
1215.000,
4342.000,
-6605.000,
1624.000,
1246.000,
-6398.000,
-7741.000,
-7452.000,
-5321.000,
4717.000,
-1152.000,
-1262.000,
6202.000,
318.000,
3119.000,
-5595.000,
-3990.000,
-4847.000,
930.000,
79.000,
-211.000,
-10124.000,
-3628.000,
-168.000,
885.000,
-2399.000,
3678.000,
-6562.000,
-4002.000,
-2461.000,
5889.000,
-6407.000,
5647.000,
-2082.000,
-1389.000,
-5324.000,
-515.000,
5009.000,
129.000,
2360.000,
-2071.000,
5805.000,
361.000,
-10966.000,
-7980.000,
1848.000,
-4211.000,
-2507.000,
-2230.000,
1103.000,
-1257.000,
-2136.000,
-3368.000,
-2498.000,
-4687.000,
-878.000,
-3397.000,
-1935.000,
-2268.000,
-4593.000,
-1852.000,
-1067.000,
-3137.000,
-956.000,
74.000,
-2996.000,
-2452.000,
2232.000,
-1164.000,
-1198.000,
1435.000,
-7548.000,
165.000,
-391.000,
-2601.000,
-2471.000,
-4071.000,
747.000,
-2931.000,
1807.000,
-1757.000,
-1342.000,
3891.000,
-2995.000,
-488.000,
-1669.000,
803.000,
-930.000,
-3162.000,
949.000,
-145.000,
-312.000,
-2171.000,
-2202.000,
-1319.000,
-1140.000,
1254.000,
879.000,
-1869.000,
1111.000,
-1743.000,
322.000,
-3452.000,
-1541.000,
-1686.000,
-2317.000,
475.000,
55.000,
-4147.000,
-3878.000,
-5273.000,
721.000,
-1860.000,
1384.000,
-109.000,
-2174.000,
-2492.000,
-826.000,
-2591.000,
1494.000,
-16.000,
1904.000,
-3218.000,
-504.000,
-3020.000,
-3118.000,
1114.000,
1610.000,
-4625.000,
-7286.000,
-2128.000,
-176.000,
-598.000,
2014.000,
1503.000,
-5026.000,
-1146.000,
-1485.000,
829.000,
-396.000,
-3725.000,
709.000,
-4089.000,
2820.000,
-4742.000,
-2051.000,
18.000,
-1836.000,
-1390.000,
-1394.000,
-2953.000,
606.000,
-3834.000,
-710.000,
1867.000,
-2130.000,
1535.000,
-3479.000,
-1302.000,
-969.000,
2818.000,
-451.000,
437.000,
695.000,
-2639.000,
-1443.000,
-715.000,
2013.000,
-451.000,
-1913.000,
207.000,
4610.000,
-1512.000,
1051.000,
