# input (shape [3, 5, 64]),
0.000,
7.000,
6.000,
0.000,
5.000,
2.000,
0.000,
0.000,
35.000,
0.000,
8.000,
0.000,
0.000,
0.000,
1.000,
0.000,
9.000,
18.000,
5.000,
0.000,
6.000,
6.000,
7.000,
0.000,
3.000,
4.000,
0.000,
0.000,
0.000,
9.000,
0.000,
0.000,
0.000,
0.000,
0.000,
0.000,
2.000,
15.000,
0.000,
14.000,
0.000,
0.000,
0.000,
0.000,
17.000,
30.000,
0.000,
0.000,
10.000,
17.000,
8.000,
0.000,
16.000,
0.000,
7.000,
0.000,
21.000,
0.000,
15.000,
15.000,
34.000,
0.000,
0.000,
0.000,
11.000,
17.000,
6.000,
0.000,
13.000,
0.000,
0.000,
0.000,
51.000,
0.000,
0.000,
0.000,
5.000,
1.000,
0.000,
19.000,
0.000,
43.000,
0.000,
0.000,
0.000,
0.000,
0.000,
8.000,
0.000,
0.000,
0.000,
0.000,
0.000,
0.000,
0.000,
0.000,
0.000,
0.000,
0.000,
4.000,
0.000,
0.000,
0.000,
0.000,
0.000,
0.000,
0.000,
0.000,
1.000,
0.000,
3.000,
0.000,
7.000,
0.000,
4.000,
0.000,
6.000,
10.000,
31.000,
0.000,
0.000,
0.000,
8.000,
8.000,
0.000,
0.000,
0.000,
0.000,
0.000,
0.000,
0.000,
0.000,
0.000,
0.000,
0.000,
0.000,
0.000,
10.000,
17.000,
0.000,
28.000,
0.000,
0.000,
0.000,
0.000,
19.000,
0.000,
0.000,
11.000,
0.000,
0.000,
0.000,
0.000,
0.000,
27.000,
0.000,
17.000,
0.000,
0.000,
0.000,
0.000,
2.000,
0.000,
0.000,
0.000,
0.000,
2.000,
0.000,
0.000,
0.000,
0.000,
4.000,
0.000,
0.000,
13.000,
0.000,
21.000,
5.000,
1.000,
0.000,
23.000,
34.000,
29.000,
0.000,
0.000,
0.000,
2.000,
0.000,
0.000,
0.000,
28.000,
0.000,
0.000,
0.000,
0.000,
0.000,
0.000,
0.000,
0.000,
27.000,
11.000,
0.000,
0.000,
0.000,
0.000,
0.000,
0.000,
0.000,
3.000,
6.000,
0.000,
0.000,
26.000,
0.000,
3.000,
0.000,
18.000,
7.000,
10.000,
0.000,
12.000,
2.000,
1.000,
0.000,
0.000,
0.000,
39.000,
0.000,
0.000,
1.000,
0.000,
14.000,
16.000,
0.000,
7.000,
0.000,
0.000,
0.000,
0.000,
0.000,
0.000,
0.000,
12.000,
0.000,
11.000,
1.000,
12.000,
0.000,
0.000,
0.000,
0.000,
0.000,
0.000,
0.000,
9.000,
5.000,
5.000,
11.000,
18.000,
0.000,
15.000,
5.000,
0.000,
6.000,
13.000,
18.000,
0.000,
6.000,
0.000,
0.000,
0.000,
0.000,
5.000,
12.000,
0.000,
0.000,
3.000,
0.000,
5.000,
0.000,
1.000,
0.000,
0.000,
1.000,
0.000,
16.000,
7.000,
0.000,
0.000,
0.000,
5.000,
1.000,
0.000,
40.000,
18.000,
6.000,
4.000,
14.000,
10.000,
12.000,
8.000,
0.000,
21.000,
0.000,
0.000,
17.000,
14.000,
17.000,
0.000,
0.000,
0.000,
0.000,
9.000,
0.000,
3.000,
22.000,
5.000,
0.000,
6.000,
14.000,
0.000,
0.000,
0.000,
18.000,
0.000,
0.000,
0.000,
0.000,
0.000,
0.000,
0.000,
0.000,
0.000,
0.000,
0.000,
0.000,
0.000,
0.000,
0.000,
0.000,
1.000,
0.000,
0.000,
0.000,
0.000,
0.000,
0.000,
0.000,
21.000,
9.000,
0.000,
0.000,
0.000,
0.000,
0.000,
0.000,
0.000,
19.000,
15.000,
0.000,
0.000,
0.000,
0.000,
0.000,
0.000,
0.000,
0.000,
0.000,
6.000,
0.000,
32.000,
0.000,
0.000,
0.000,
0.000,
0.000,
16.000,
0.000,
0.000,
0.000,
25.000,
0.000,
16.000,
0.000,
0.000,
0.000,
0.000,
10.000,
0.000,
0.000,
0.000,
0.000,
0.000,
0.000,
0.000,
0.000,
0.000,
0.000,
0.000,
0.000,
0.000,
9.000,
0.000,
0.000,
0.000,
0.000,
0.000,
0.000,
0.000,
0.000,
0.000,
0.000,
0.000,
0.000,
0.000,
0.000,
0.000,
0.000,
0.000,
38.000,
0.000,
0.000,
0.000,
0.000,
0.000,
0.000,
0.000,
3.000,
0.000,
0.000,
0.000,
0.000,
19.000,
0.000,
3.000,
0.000,
0.000,
0.000,
0.000,
0.000,
0.000,
0.000,
0.000,
0.000,
0.000,
0.000,
14.000,
0.000,
0.000,
0.000,
0.000,
0.000,
0.000,
0.000,
0.000,
0.000,
0.000,
0.000,
5.000,
10.000,
0.000,
31.000,
0.000,
20.000,
0.000,
36.000,
0.000,
0.000,
0.000,
0.000,
0.000,
0.000,
7.000,
0.000,
0.000,
0.000,
0.000,
0.000,
0.000,
0.000,
0.000,
0.000,
0.000,
8.000,
0.000,
0.000,
0.000,
0.000,
0.000,
0.000,
36.000,
11.000,
0.000,
0.000,
3.000,
0.000,
5.000,
0.000,
0.000,
0.000,
4.000,
42.000,
0.000,
0.000,
0.000,
0.000,
0.000,
0.000,
0.000,
0.000,
58.000,
0.000,
0.000,
0.000,
0.000,
0.000,
0.000,
0.000,
0.000,
29.000,
0.000,
0.000,
0.000,
5.000,
0.000,
0.000,
0.000,
1.000,
0.000,
16.000,
0.000,
0.000,
0.000,
0.000,
0.000,
0.000,
8.000,
0.000,
0.000,
0.000,
0.000,
1.000,
0.000,
8.000,
0.000,
0.000,
29.000,
0.000,
0.000,
0.000,
0.000,
0.000,
0.000,
0.000,
0.000,
0.000,
0.000,
0.000,
0.000,
0.000,
0.000,
0.000,
0.000,
0.000,
7.000,
0.000,
0.000,
0.000,
0.000,
15.000,
0.000,
0.000,
0.000,
0.000,
16.000,
0.000,
0.000,
12.000,
2.000,
18.000,
17.000,
10.000,
0.000,
0.000,
0.000,
0.000,
0.000,
0.000,
0.000,
0.000,
18.000,
0.000,
5.000,
0.000,
0.000,
0.000,
11.000,
0.000,
6.000,
0.000,
0.000,
0.000,
0.000,
2.000,
0.000,
11.000,
14.000,
6.000,
0.000,
0.000,
0.000,
0.000,
0.000,
7.000,
0.000,
0.000,
0.000,
17.000,
8.000,
14.000,
0.000,
0.000,
15.000,
27.000,
7.000,
16.000,
6.000,
1.000,
0.000,
0.000,
0.000,
0.000,
0.000,
3.000,
2.000,
6.000,
19.000,
0.000,
10.000,
0.000,
0.000,
0.000,
0.000,
34.000,
0.000,
0.000,
0.000,
0.000,
1.000,
0.000,
0.000,
25.000,
0.000,
0.000,
0.000,
1.000,
0.000,
0.000,
0.000,
0.000,
20.000,
3.000,
2.000,
0.000,
40.000,
0.000,
0.000,
0.000,
8.000,
0.000,
0.000,
0.000,
0.000,
0.000,
27.000,
0.000,
14.000,
3.000,
9.000,
0.000,
0.000,
0.000,
0.000,
0.000,
0.000,
0.000,
0.000,
0.000,
0.000,
0.000,
0.000,
8.000,
0.000,
0.000,
0.000,
0.000,
37.000,
0.000,
0.000,
6.000,
0.000,
0.000,
3.000,
0.000,
0.000,
0.000,
0.000,
18.000,
5.000,
0.000,
0.000,
0.000,
0.000,
22.000,
0.000,
0.000,
0.000,
9.000,
0.000,
0.000,
0.000,
0.000,
0.000,
0.000,
0.000,
0.000,
0.000,
0.000,
0.000,
4.000,
0.000,
11.000,
0.000,
0.000,
34.000,
0.000,
39.000,
0.000,
0.000,
30.000,
18.000,
0.000,
0.000,
28.000,
6.000,
0.000,
0.000,
0.000,
0.000,
21.000,
19.000,
0.000,
0.000,
0.000,
0.000,
0.000,
0.000,
0.000,
0.000,
0.000,
0.000,
0.000,
0.000,
0.000,
0.000,
0.000,
0.000,
0.000,
0.000,
0.000,
39.000,
0.000,
0.000,
0.000,
18.000,
0.000,
0.000,
0.000,
0.000,
5.000,
0.000,
48.000,
10.000,
0.000,
0.000,
0.000,
0.000,
0.000,
23.000,
11.000,
0.000,
0.000,
40.000,
0.000,
10.000,
28.000,
0.000,
0.000,
0.000,
3.000,
0.000,
0.000,
0.000,
16.000,
0.000,
0.000,
0.000,
33.000,
0.000,
0.000,
6.000,
0.000,
0.000,
3.000,
0.000,
0.000,
0.000,
0.000,
16.000,
1.000,
0.000,
33.000,
0.000,
0.000,
0.000,
0.000,
0.000,
17.000,
0.000,
0.000,
48.000,
6.000,
0.000,
0.000,
16.000,
0.000,
0.000,
0.000,
12.000,
18.000,
0.000,
0.000,
0.000,
40.000,
0.000,
0.000,
5.000,
40.000,
7.000,
0.000,
0.000,
0.000,
26.000,
0.000,
5.000,
0.000,
2.000,
2.000,
27.000,
11.000,
0.000,
0.000,
0.000,
0.000,
0.000,
0.000,
43.000,
5.000,
0.000,
0.000,
5.000,
39.000,
0.000,
0.000,
9.000,
0.000,
3.000,
0.000,
0.000,
0.000,
18.000,
12.000,
0.000,
0.000,
37.000,
0.000,
0.000,
0.000,
14.000,
2.000,
0.000,
0.000,
8.000,
0.000,
0.000,
4.000,
0.000,
0.000,
0.000,
14.000,
1.000,
7.000,
0.000,
14.000,
9.000,
17.000,
12.000,
22.000,
12.000,
0.000,
2.000,
0.000,
24.000,
0.000,
0.000,
0.000,
5.000,
0.000,
16.000,
0.000,
0.000,
0.000,
0.000,
11.000,
0.000,
13.000,
22.000,
0.000,
0.000,
0.000,
4.000,
0.000,
1.000,
18.000,
8.000,
17.000,
11.000,
17.000,
0.000,
0.000,
28.000,
0.000,
19.000,
14.000,
0.000,
6.000,
10.000,
8.000,
0.000,
0.000,
17.000,
0.000,
10.000,
12.000,
24.000,
3.000,
0.000,
0.000,
0.000,
19.000,
