# layer2.conv2 (shape [3, 5, 64]),
-3000.000,
-1414.000,
1421.000,
-7265.000,
629.000,
-2048.000,
-2878.000,
-5786.000,
3511.000,
-7333.000,
29.000,
-8260.000,
-2825.000,
-2021.000,
-759.000,
-1036.000,
-2653.000,
1590.000,
6719.000,
3693.000,
-5061.000,
3955.000,
-2030.000,
4241.000,
-3141.000,
4448.000,
-2619.000,
-1136.000,
-38.000,
-1131.000,
-978.000,
-952.000,
1045.000,
1541.000,
-4946.000,
-6116.000,
-1397.000,
-309.000,
-3739.000,
1170.000,
-6097.000,
-7417.000,
-5177.000,
-2421.000,
-78.000,
5627.000,
-6687.000,
-6116.000,
3408.000,
-1780.000,
-1395.000,
-9187.000,
1930.000,
-6264.000,
-3551.000,
-762.000,
117.000,
-8223.000,
-520.000,
-1068.000,
2638.000,
4904.000,
-4121.000,
-4853.000,
-96.000,
750.000,
1494.000,
-9536.000,
2004.000,
-5649.000,
-5413.000,
-11983.000,
6218.000,
-5954.000,
-5371.000,
-13171.000,
-1106.000,
235.000,
-5131.000,
2848.000,
-9469.000,
7013.000,
3167.000,
3340.000,
-6187.000,
1241.000,
-9573.000,
6811.000,
-12122.000,
2330.000,
-8422.000,
-5942.000,
-1921.000,
-2905.000,
-8587.000,
-6369.000,
-1849.000,
776.000,
-4918.000,
271.000,
-2986.000,
-7132.000,
-5746.000,
-9959.000,
-3792.000,
-4840.000,
-2656.000,
-6440.000,
-2749.000,
-3977.000,
-820.000,
-7573.000,
2932.000,
-7503.000,
-2417.000,
-8491.000,
-27.000,
-2335.000,
476.000,
-6208.000,
-5625.000,
-10831.000,
-1677.000,
-2216.000,
-10687.000,
2569.000,
-1237.000,
-6030.000,
-3712.000,
-10393.000,
-9446.000,
-6767.000,
-8621.000,
-6637.000,
-1861.000,
-4418.000,
-4779.000,
-1292.000,
1784.000,
-4994.000,
2813.000,
-3609.000,
-3154.000,
-2291.000,
-13011.000,
1859.000,
2511.000,
3534.000,
-4070.000,
774.000,
-7445.000,
2965.000,
-8172.000,
2833.000,
2863.000,
-4258.000,
3336.000,
-8743.001,
-1797.000,
-1448.000,
-781.000,
6256.000,
-7492.000,
-1546.000,
-2337.000,
-4033.000,
-2858.000,
-5257.000,
-4298.000,
-4770.000,
-1408.000,
-1023.000,
-7224.000,
-7311.000,
1010.000,
-4368.000,
5411.000,
-4175.000,
-3014.000,
-5043.000,
3191.000,
1357.000,
247.000,
-2297.000,
-10841.000,
-9160.000,
-2850.000,
-9924.000,
-2871.000,
925.000,
4902.000,
-4344.000,
-5738.000,
-3901.000,
-1174.000,
-4639.000,
-4951.000,
-2691.000,
-1754.000,
652.000,
-622.000,
-4240.000,
-8056.000,
-5845.000,
-2577.000,
-2220.000,
-3839.000,
-2837.000,
-3837.000,
-812.000,
2471.000,
154.000,
-1090.000,
-11.000,
-2914.000,
-1708.000,
-161.000,
5013.000,
-319.000,
-7208.000,
2475.000,
-2460.000,
538.000,
-1116.000,
-749.000,
2047.000,
3914.000,
-5555.000,
-2171.000,
-2469.000,
-5867.000,
1194.000,
1257.000,
-7948.000,
1091.000,
-3474.000,
-7186.000,
-3790.000,
-6738.000,
-7134.000,
-493.000,
-5090.000,
-450.000,
-6442.000,
934.000,
-3874.000,
-2793.000,
-4281.000,
-5043.000,
-5851.000,
-7074.000,
-4768.000,
-3832.000,
-562.000,
704.000,
-3426.000,
-1085.000,
-580.000,
3587.000,
-1190.000,
2209.000,
-1557.000,
964.000,
-3090.000,
-336.000,
108.000,
-4131.000,
-2591.000,
-2524.000,
-173.000,
-3669.000,
-2781.000,
-3579.000,
447.000,
-802.000,
-214.000,
-5708.000,
-1852.000,
-2430.000,
-2474.000,
-3690.000,
907.000,
-3236.000,
-732.000,
-4246.000,
3.000,
1536.000,
-377.000,
690.000,
-2563.000,
-1882.000,
-291.000,
-3124.000,
3316.000,
-104.000,
-405.000,
-932.000,
-367.000,
1611.000,
378.000,
-1497.000,
-2820.000,
2399.000,
-4746.000,
252.000,
-1849.000,
119.000,
422.000,
-1191.000,
-4424.000,
-5475.000,
-1790.000,
-2114.000,
-5302.000,
-2575.000,
193.000,
-2048.000,
-31.000,
123.000,
-1852.000,
-4990.000,
-3677.000,
-370.000,
3106.000,
-3269.000,
-3760.000,
-5748.000,
-5698.000,
-4846.000,
-15475.000,
-2405.000,
-12431.000,
-6763.000,
-1174.000,
-1785.000,
-6309.000,
-6600.000,
-2386.000,
2067.000,
-19.000,
-6086.000,
-99.000,
-7819.000,
-1194.000,
-4339.000,
-1832.000,
-2717.000,
-6771.000,
4087.000,
-1124.000,
-297.000,
-2176.000,
-222.000,
893.000,
-15529.000,
-11027.000,
-3005.000,
284.000,
-643.000,
-7237.000,
-11017.000,
-3808.000,
-10599.000,
-5137.000,
-2932.000,
-745.000,
-8230.000,
-10779.000,
2613.000,
-8792.000,
4446.000,
-6414.000,
-10543.000,
-6263.000,
-10068.000,
-3082.000,
-794.000,
-5740.000,
-6165.000,
-13872.000,
1054.000,
-679.000,
2206.000,
-12241.000,
-9415.000,
-6277.000,
-5081.000,
1409.000,
-542.000,
-12538.000,
-5129.000,
-10306.000,
-6382.000,
-8851.000,
-11330.000,
-17449.000,
-11121.000,
-1278.000,
-4140.000,
-3345.000,
-16092.000,
-266.000,
2149.000,
149.000,
-10224.000,
-4674.000,
-20472.000,
3217.000,
-18277.000,
-3743.000,
-14408.000,
-9761.000,
-5558.000,
-17353.000,
376.000,
-3624.000,
-1200.000,
-6055.000,
-15187.000,
7303.000,
-4547.000,
-3962.000,
-14016.000,
-16733.000,
-6929.000,
-2922.000,
-5233.000,
-1074.000,
-3990.000,
-4362.000,
-3925.000,
-16510.000,
5107.000,
-8760.000,
-2590.000,
-10741.000,
-13059.000,
-16353.000,
-16334.000,
-4727.000,
-6029.000,
-15522.000,
-8532.000,
-10464.000,
-11023.000,
904.000,
1848.000,
-15050.000,
-4308.000,
-13197.000,
-2610.000,
-13836.000,
-9474.000,
-16090.000,
1429.000,
-9800.000,
-16080.000,
-14261.000,
-515.000,
-1899.000,
-14067.000,
5116.000,
-5635.000,
3086.000,
-16584.000,
5518.000,
2411.000,
2286.000,
-8433.000,
1174.000,
-12402.000,
858.000,
-2371.000,
538.000,
-3801.000,
-4148.000,
-11371.000,
-16562.000,
-10148.000,
-2049.000,
-2155.000,
1802.000,
-15001.000,
1128.000,
-13101.000,
-12119.000,
-11899.000,
-18059.000,
-11537.000,
-7610.000,
6037.000,
243.000,
-11111.000,
-1607.000,
-758.000,
-12069.000,
2484.000,
-10014.000,
-4948.000,
-5422.000,
-287.000,
2664.000,
-19900.000,
-1079.000,
-9744.000,
-18397.000,
-11899.000,
-7126.000,
-6246.000,
-8813.000,
11414.000,
-4867.000,
-6755.000,
-9371.000,
-5656.000,
-13349.000,
-7305.000,
-4758.000,
-268.000,
1097.000,
-3526.000,
-3589.000,
-5344.000,
-2782.000,
-3386.000,
-3636.000,
-1242.000,
-251.000,
-7417.000,
1133.000,
1049.000,
-276.000,
-6330.000,
-415.000,
-8181.000,
1527.000,
-2218.000,
3600.000,
-3423.000,
-9577.000,
-3412.000,
-2501.000,
-8094.000,
1415.000,
-848.000,
1760.000,
2297.000,
-5658.000,
-12079.000,
-4226.000,
-9852.000,
-7169.000,
-2168.000,
-7567.000,
-735.000,
-4332.000,
-11328.000,
-5864.000,
-13268.000,
-11179.000,
-370.000,
-7913.000,
-3583.000,
-13167.000,
137.000,
-7630.000,
-13643.000,
-3669.000,
-7931.000,
-2383.000,
-6522.000,
-13132.000,
-3244.000,
-3819.000,
2240.000,
-10121.000,
-7390.000,
-235.000,
721.000,
3281.000,
2659.000,
-463.000,
-1492.000,
-5931.000,
-4649.000,
-3309.000,
-3553.000,
-5199.000,
-3471.000,
-3567.000,
1981.000,
-1922.000,
-3402.000,
-3856.000,
-106.000,
-1782.000,
-4144.000,
-1950.000,
-2166.000,
-975.000,
-5776.000,
-1639.000,
-3906.000,
-642.000,
-3482.000,
-869.000,
2649.000,
993.000,
-250.000,
-2930.000,
-3706.000,
-904.000,
-3539.000,
-1557.000,
-7137.000,
-6151.000,
-1604.000,
27.000,
1119.000,
829.000,
-3376.000,
-2799.000,
1336.000,
278.000,
2899.000,
-2040.000,
-1957.000,
-2227.000,
-4249.000,
-5272.000,
-5433.000,
-1249.000,
-8027.000,
-4534.000,
-2767.000,
-2603.000,
209.000,
-2867.000,
1035.000,
-4538.000,
-3606.000,
-6389.000,
-1360.000,
6678.000,
-6289.000,
-4709.000,
-4448.000,
-6844.000,
-2479.000,
-7754.000,
-7323.000,
974.000,
-5976.000,
-978.000,
-2344.000,
-186.000,
-5962.000,
-12416.000,
-201.000,
1010.000,
-2251.000,
3425.000,
-3083.000,
1939.000,
4226.000,
2345.000,
-5698.000,
-1222.000,
1738.000,
-6972.000,
-1067.000,
-1492.000,
-2075.000,
-2490.000,
1884.000,
-6851.000,
663.000,
-2118.000,
-1648.000,
-2412.000,
-2666.000,
-5153.000,
-6375.000,
-2155.000,
-9718.000,
-3542.000,
-2450.000,
-4618.000,
-4771.000,
-8200.000,
-4953.000,
-1021.000,
-7058.000,
-8690.000,
-4752.000,
-3277.000,
3230.000,
-9623.000,
-8332.000,
-2568.000,
-4518.000,
3015.000,
-586.000,
-7984.000,
-8219.000,
-3214.000,
-11852.000,
3244.000,
670.000,
-8268.000,
1801.000,
-11306.000,
-13333.000,
771.000,
-2552.000,
-4684.000,
-7369.000,
1526.000,
-8627.000,
-9649.000,
-11617.000,
-12226.000,
3262.000,
-2379.000,
-9030.000,
-9826.000,
-5663.000,
4292.000,
-12288.000,
4479.000,
-6951.000,
1012.000,
-4300.000,
-7996.000,
6170.000,
-4687.000,
10378.000,
-3442.000,
-5723.000,
5739.000,
1486.000,
-4354.000,
-8301.000,
3691.000,
-496.000,
-3707.000,
-9730.000,
-6965.000,
-4375.000,
4250.000,
1976.000,
-10717.000,
-5979.000,
-13768.000,
-3365.000,
-3019.000,
-7252.000,
-16176.000,
-13130.000,
-5540.000,
-6466.000,
-12193.000,
-5138.000,
-10936.000,
-7778.000,
5206.000,
-8991.000,
-11034.000,
-4762.000,
-8830.000,
7223.000,
-11908.000,
-4331.000,
-6810.000,
5209.000,
-19000.000,
-14881.000,
-7421.000,
-10290.000,
-2732.000,
-5071.000,
7832.000,
751.000,
-7556.000,
-11183.000,
-13858.000,
423.000,
-14.000,
-1833.000,
4927.000,
-5947.000,
-3622.000,
4262.000,
-1294.000,
-243.000,
3866.000,
-9024.000,
-3241.000,
371.000,
473.000,
255.000,
-5190.000,
-8041.000,
2691.000,
-2063.000,
-4459.000,
-13431.000,
4623.000,
-9135.000,
-6167.000,
810.000,
-15481.000,
-7046.000,
1324.000,
-2292.000,
-7682.000,
-2442.000,
-12082.000,
628.000,
-2203.000,
-9333.000,
1177.000,
-9778.000,
-3287.000,
-5546.000,
-15803.000,
-8819.000,
-722.000,
-5935.000,
-384.000,
9179.000,
-3205.000,
-5515.000,
-8307.000,
3130.000,
-7041.000,
-8181.000,
-2901.000,
4253.000,
-925.000,
-7522.000,
-3843.000,
-6795.000,
3880.000,
-5062.000,
-3525.000,
-173.000,
6330.000,
-3056.000,
-3987.000,
-1289.000,
91.000,
-1174.000,
-633.000,
-2495.000,
-729.000,
-3370.000,
3921.000,
2764.000,
1007.000,
-2638.000,
-3839.000,
-5986.000,
-4036.000,
-2383.000,
-2786.000,
4690.000,
576.000,
-5591.000,
-4744.000,
-2401.000,
5715.000,
-2407.000,
-7461.000,
1410.000,
-9156.000,
-2428.000,
-5680.000,
-9049.000,
-6032.000,
4847.000,
-2915.000,
-3246.000,
-7084.000,
5882.000,
-6663.000,
-11407.000,
-1075.000,
-1119.000,
-4785.000,
-8432.000,
-8423.000,
-1665.000,
23.000,
-3127.000,
-3533.000,
-2551.000,
-2905.000,
-1462.000,
2296.000,
-69.000,
-1143.000,
-430.000,
-1683.000,
-995.000,
-44.000,
834.000,
528.000,
27.000,
-1195.000,
-711.000,
-4487.000,
295.000,
-4193.000,
-764.000,
-867.000,
-5187.000,
-2751.000,
-264.000,
-1415.000,
-4003.000,
-752.000,
-5222.000,
918.000,
-3339.000,
-446.000,
4126.000,
-2558.000,
2682.000,
-2803.000,
-2016.000,
-2449.000,
-1596.000,
135.000,
-1798.000,
1599.000,
267.000,
76.000,
-2897.000,
-1634.000,
1725.000,
-304.000,
2058.000,
-1859.000,
-16.000,
-3980.000,
-791.000,
-1076.000,
-3301.000,
-5599.000,
-1823.000,
57.000,
-1900.000,
-2877.000,
1116.000,
-3128.000,
-3609.000,
-125.000,
-1552.000,
-1059.000,
