# layer3.bn2 (shape [2, 3, 128]),
-4998853.000,
5760297.000,
3949946.000,
6614332.000,
-3348378.000,
1484563.000,
2691438.000,
-811624.000,
-5038606.000,
3929325.000,
-2545523.000,
-4534943.000,
2801863.000,
7153788.000,
447945.000,
-136083.000,
-3530483.000,
236040.000,
-1578463.000,
-2253851.000,
607001.000,
-12426357.000,
-3716766.000,
-1463404.000,
-2497826.000,
4428295.000,
-3920495.750,
2383138.000,
368854.000,
-2189978.000,
-377377.000,
2664840.000,
-2226463.000,
7407336.000,
-6078542.000,
5437564.000,
2856211.000,
5541281.500,
5698698.000,
4615582.000,
6078064.000,
6653511.000,
-2010935.500,
2851043.250,
-5375733.000,
6038960.000,
2855265.000,
7446716.000,
-9651167.000,
-2559227.000,
1102455.000,
1927917.000,
355563.000,
3045777.000,
-5038324.500,
-4954521.000,
-4901845.000,
-2741571.000,
7557503.000,
1547348.000,
174724.000,
-9815015.000,
-8395857.000,
780904.000,
6719496.000,
2384712.000,
1754994.000,
-3726886.000,
-5166273.000,
-4946180.000,
-4723256.000,
1002066.000,
5808821.000,
114019.000,
-495692.250,
-2901030.000,
-1888860.000,
1372707.000,
1888167.000,
5146876.000,
-208807.000,
3951304.000,
-2494200.250,
-3113079.000,
888640.000,
3302382.000,
-8098597.000,
5180558.000,
1470566.000,
-2644535.500,
-6170022.000,
-1412414.000,
-1150343.750,
2877445.250,
6184672.000,
6482643.000,
1636725.250,
1092345.000,
1035638.000,
-6020288.000,
4466933.000,
-3520169.000,
5974612.000,
-376873.250,
4766170.000,
-2630155.000,
5650644.000,
5282622.000,
1801037.000,
-4324216.000,
-6076879.000,
-851349.000,
-4889460.000,
-3521660.000,
-2892087.000,
-2387730.000,
3988359.000,
5422900.000,
-1840124.000,
-2179320.500,
271150.000,
-7787729.000,
-2850983.000,
224647.000,
3392319.000,
605052.000,
2965802.000,
-1608295.000,
-4032875.000,
2039342.000,
-9693878.000,
-2802616.000,
-2487230.000,
4720873.000,
-4438962.000,
-1190497.000,
-1591125.250,
4313893.000,
7992817.000,
-6906403.000,
-8206993.000,
825382.000,
-8186145.000,
-5602229.000,
-5192171.000,
2597650.000,
-2574143.000,
-6348951.000,
1705076.000,
-8887734.000,
7593390.000,
4195725.000,
-1701536.000,
-137609.000,
-2194859.750,
95420.000,
-10631757.000,
-4582991.000,
-3979744.000,
-6496714.000,
6419357.000,
26984.750,
-1720861.750,
-2294888.000,
-1164277.000,
-2587938.750,
5510656.000,
-6619967.000,
6120056.000,
-4042098.000,
-5921465.000,
-5802369.000,
-2217591.000,
-4500985.000,
-2413485.000,
-14160180.000,
-3107575.000,
7004305.000,
-51705.000,
6939567.000,
-839537.000,
1057830.000,
-5457814.500,
-1402671.250,
3648235.000,
-855531.000,
-3471169.000,
-6704024.000,
-9911470.000,
-5090243.000,
-9390447.000,
5149708.000,
-1585152.000,
-2590082.000,
-362574.000,
3023369.000,
-7342448.000,
1460990.000,
1503808.000,
324675.000,
6620231.000,
-526196.000,
3977361.750,
-4691130.000,
-2887343.000,
-863284.000,
-4177048.000,
-6618540.000,
2536285.000,
-2474951.000,
-334344.250,
3946691.000,
4903465.000,
4146173.000,
-469045.000,
1673994.000,
-765506.000,
-6718144.000,
-9839047.000,
-5522218.000,
1347636.125,
-5352610.000,
-2246071.500,
3180487.000,
1112137.250,
-1129519.000,
-10218682.000,
-8747882.000,
-7173793.000,
-4540849.000,
-227836.750,
551645.750,
4856452.000,
-1466965.000,
2235804.000,
-6621798.000,
-5653123.000,
-3634215.750,
-7229903.000,
-5805975.000,
3617394.000,
2594542.000,
-246418.000,
1652565.000,
5444420.000,
2316888.000,
-278590.000,
-2904488.500,
-220425.000,
-2216047.000,
1123337.000,
-9110593.000,
4789154.000,
3284750.000,
2126901.000,
6622205.000,
526927.000,
-4167033.000,
-4327566.000,
7156076.000,
-1971662.000,
1955803.000,
5896638.000,
-2935867.000,
-5598637.000,
3571967.000,
4706107.000,
4860990.000,
-4171157.000,
1145950.000,
-3818409.000,
4299250.000,
-10123541.000,
-1806158.000,
4036207.000,
3219199.000,
1868789.000,
-3724004.000,
5531616.000,
762372.000,
6206881.000,
-2735141.000,
-2506775.750,
-4772349.000,
-1567646.000,
5853673.000,
2852468.000,
3146809.000,
2244149.000,
5814756.000,
-916861.750,
1639238.000,
5028185.000,
3052157.250,
4324978.000,
-1301459.000,
-5573991.000,
-1217757.000,
-1502455.500,
-4363437.000,
-577017.000,
6808244.000,
-2646715.000,
143412.000,
3703075.000,
3034075.000,
-2931609.000,
-5331258.000,
4964431.000,
1198986.250,
4576316.000,
2976728.750,
59419.000,
-2650896.000,
2015123.000,
2840068.000,
3607560.000,
184221.000,
-11764692.000,
921926.000,
3035616.000,
7437342.000,
4139410.000,
4870709.000,
-7318048.000,
6135037.000,
-1361840.000,
-1279589.000,
-2689339.000,
-6414092.000,
1947663.750,
-6918810.000,
4218110.000,
3322072.000,
-5468728.000,
1038512.000,
1964483.000,
6233614.000,
5726384.000,
-3534377.000,
1387135.000,
-5204578.000,
-8230141.000,
-6354192.000,
-483806.000,
-5104572.000,
-9773988.000,
-5306439.000,
-3719423.500,
-1653859.750,
-6673900.000,
3721907.000,
7049121.000,
-4525743.000,
-5689542.000,
-4334651.000,
-7527259.000,
696140.000,
11017.250,
2096955.000,
-2200957.750,
-374636.000,
-7591612.000,
-4337406.000,
-1716547.000,
-4186215.750,
-6642127.000,
-5949997.000,
4740294.000,
1647946.000,
-1017246.000,
-326355.000,
5229820.000,
4613714.000,
-3642548.000,
5056014.000,
4360100.000,
7098355.000,
54710.000,
2876767.000,
-4188958.000,
-2404944.000,
6453385.000,
-3804583.000,
5334769.000,
-4758253.000,
3260962.000,
-2773594.000,
-2870170.000,
-1863782.000,
-710562.000,
1690073.000,
-1726768.250,
3203725.000,
-4776143.000,
6811581.000,
-4372181.000,
-1653396.000,
5693217.000,
-2665155.000,
3920266.000,
1286022.000,
-1804523.000,
-561251.000,
-8736619.000,
7389241.000,
1902276.000,
-1270519.000,
3523244.000,
2501011.000,
6574692.000,
-8541140.000,
-476751.000,
-1211924.000,
-3457949.000,
-2036084.000,
2286173.000,
2477322.750,
-2275621.750,
-1435274.000,
-2746835.000,
-2761793.750,
-5727950.000,
-5776397.000,
898568.250,
-4265607.000,
6800070.000,
-4525961.000,
4160937.000,
-2687134.000,
-1607015.000,
1318372.000,
4030523.000,
-1361745.000,
-959919.000,
3299742.000,
1412875.000,
2423645.000,
-2854144.500,
7375029.000,
4511867.000,
1948419.000,
-4179649.000,
-3394367.500,
5517107.000,
-915163.000,
6681664.000,
3779780.000,
-1756460.000,
-6017550.000,
4945334.000,
-898341.000,
3902902.000,
4419498.000,
-868796.000,
-4508644.000,
-7467889.000,
191053.000,
-2501270.250,
201810.000,
4868377.000,
273974.000,
113602.000,
4939136.000,
5499259.000,
3256894.000,
4340816.000,
1731175.000,
2362235.000,
-3232510.000,
6079967.000,
-1149214.000,
-3365910.000,
4427485.000,
2534267.000,
5303886.000,
-4114423.500,
4126950.250,
3645037.000,
1954955.000,
2781053.250,
3949745.000,
1154218.000,
3360007.000,
2267297.000,
-2274339.000,
963331.250,
3803963.000,
3167518.250,
3489294.000,
-74188.000,
1670904.000,
-5687923.000,
-598215.750,
-2220495.000,
7130431.000,
951984.000,
-242954.000,
-9840345.000,
1279725.000,
-169516.000,
-4313253.000,
3261076.000,
923447.750,
-1684550.000,
6550105.000,
4820723.000,
-6591913.000,
252138.000,
2747152.000,
-1137683.000,
5665793.000,
4750497.000,
-8166378.000,
-661880.000,
-9640752.000,
-2008088.000,
3858088.000,
-255762.000,
2926022.000,
-873963.250,
-357157.000,
-10246943.000,
1352011.000,
4944723.000,
-7664046.000,
-2296017.000,
-1962635.000,
416026.000,
-3338656.000,
7203587.000,
-4785001.000,
-1216469.000,
-3706734.000,
3651309.000,
5524878.000,
483372.000,
-8641541.000,
-443417.750,
-2958914.000,
8018029.000,
-471485.000,
2280475.000,
-1259962.000,
-3679999.000,
-9613712.000,
-2420341.750,
-4527440.000,
37317.000,
-686324.750,
-7030732.000,
-3611234.000,
-14943998.000,
-9457893.000,
-4934696.000,
-5675521.000,
-3487665.000,
-613084.000,
-3578230.000,
1469880.000,
-788599.000,
3380377.000,
-2071485.000,
-8500158.000,
-1811083.000,
-1498662.000,
1000915.875,
3364178.750,
-1141781.000,
2541294.000,
-24709.000,
1657523.000,
23802.000,
1288441.000,
1182393.750,
-2259703.000,
-6227144.000,
3153678.000,
-129082.000,
-3386341.000,
4203327.000,
4338172.000,
1746244.000,
-10205676.000,
-2810329.000,
1975327.000,
-20528.250,
-5781102.000,
2438779.000,
-421017.000,
-7259738.000,
-3139506.000,
-4642761.000,
-6407966.000,
-726016.250,
5713989.000,
-1029720.000,
-1905369.000,
-2731915.000,
7023624.000,
-1411538.000,
-3901783.500,
-2025915.000,
-672192.000,
-4893363.500,
-3063419.750,
-5632720.000,
-6795809.000,
-1673562.750,
-2389287.000,
-1135762.000,
2837017.000,
-2242351.000,
-1822538.000,
-6303103.000,
-9293657.000,
-7415294.000,
-99214.000,
139140.000,
2328396.000,
-885523.000,
6146984.000,
-3776975.000,
4878573.000,
4681194.000,
5719684.000,
-4113165.000,
3931430.000,
-2097697.000,
-7426027.000,
6227.000,
-9263083.000,
-3526300.000,
-3036229.000,
2903325.000,
6606137.000,
-4617001.000,
-6584112.000,
-832766.000,
-6448387.000,
-3415531.000,
-6333883.000,
5688175.000,
-2016258.000,
-1427140.000,
739588.000,
2806638.000,
-2325697.000,
5083585.000,
-4666314.000,
-2415803.000,
3857680.000,
-4133465.000,
-1429842.000,
2058423.000,
-1935615.000,
1713160.000,
-1243789.000,
2375047.000,
2582149.000,
773376.000,
2973302.000,
2281941.000,
1626263.000,
2468509.000,
8767.000,
5774706.000,
4625975.000,
3780967.000,
-983507.000,
2542033.000,
-1018287.000,
-795175.000,
-8497509.000,
-1428205.750,
-348874.000,
709395.000,
31876.250,
894056.000,
6427249.000,
-571151.500,
-800436.000,
-3515718.500,
-1862152.750,
-2712579.000,
-6801295.000,
5557080.000,
4144460.000,
619159.000,
3796639.000,
-2505669.000,
-5625783.000,
1940125.000,
-3998953.000,
-1563814.500,
103928.750,
1925899.000,
2640339.000,
-4412857.000,
-5756519.500,
5638612.000,
-1601875.000,
-172106.500,
-2521601.000,
-128276.000,
3546884.000,
-2388682.000,
-3238616.000,
5841177.000,
-1385420.000,
-3339464.000,
-1926979.000,
3264701.000,
2056525.000,
2010375.750,
-4786602.000,
3202480.000,
1307985.000,
-2079563.000,
739122.000,
6296685.000,
-1327871.000,
4639664.000,
-1297325.000,
-1464535.000,
1613419.000,
290465.000,
3403583.000,
-525122.000,
-3374299.500,
8073360.000,
-1232360.000,
-3886903.500,
3025395.250,
-7228258.000,
-1030445.000,
-4409183.000,
2939921.000,
6792158.000,
1505404.000,
-1888885.000,
-3308528.000,
-1814509.500,
-986995.250,
-3190756.750,
-2888196.000,
-6510644.000,
5820060.000,
4654637.000,
2588984.250,
7876145.000,
-2169083.000,
1609176.000,
2873020.000,
5327677.000,
3654190.000,
1829483.000,
4619349.000,
-3560362.000,
1024495.750,
-1440750.000,
952107.000,
5422156.000,
830687.000,
-4055869.000,
-3212032.000,
2216404.000,
-3515539.000,
