# layer2.bn2 (shape [3, 5, 64]),
-2059849.500,
2138595.250,
1952871.250,
-8878994.000,
1739563.000,
761560.000,
-8702186.000,
-2639778.500,
10974932.000,
-7412396.000,
2503326.000,
-7062288.000,
-1506144.000,
-3776046.500,
594587.625,
-1030084.250,
2925874.000,
5582600.000,
1715595.000,
-1909021.750,
2017573.000,
1964674.000,
2274081.000,
-105378.000,
1207814.500,
1480688.000,
-619735.500,
-217729.125,
-456257.781,
2987571.000,
-2161018.500,
-1362351.000,
-3975763.000,
-4375932.000,
-3953341.000,
-8110280.000,
665972.250,
4800878.000,
-725225.000,
4489365.500,
-7557691.000,
-9450745.000,
-8833672.000,
-1264572.000,
5384608.000,
9313714.000,
-9475763.000,
-3253703.000,
3210186.500,
5482630.000,
2577023.000,
-12615899.000,
5081128.000,
-4321162.000,
2394082.000,
-2799546.000,
6510283.000,
-5135058.000,
4668583.000,
4608648.000,
10605045.000,
-590242.000,
-3920108.000,
-867229.500,
3390959.000,
5479811.000,
2081059.500,
-12033413.000,
4251687.500,
-5014444.000,
-13189136.000,
-13125102.000,
15790685.000,
-5007420.000,
-6568674.000,
-14914976.000,
1637907.000,
490048.969,
-7371197.000,
5965000.000,
-7264046.000,
13407989.000,
-1907445.000,
-2242959.750,
261013.000,
-2285450.000,
-8957446.000,
2621392.000,
-12290627.000,
-1526872.000,
-10194685.000,
-8820469.000,
-3647943.500,
-111607.500,
-15781129.000,
-10549583.000,
-8991065.000,
-5212077.000,
-3903193.000,
1329706.000,
-2122723.000,
-9172626.000,
-4291664.000,
-13751064.000,
-3586175.500,
-4327669.000,
-4313519.500,
-8418392.000,
349773.000,
-8857056.000,
967497.000,
-5908357.000,
2401938.500,
-3582601.000,
1278061.000,
-11314380.000,
1932315.000,
3301097.500,
9546034.000,
-12351830.000,
-2774530.000,
-9566049.000,
2709782.000,
2689192.250,
-14379329.000,
-2946257.000,
140563.875,
-2941103.500,
-3396273.500,
-11724981.000,
-17129582.000,
-8187272.000,
-15160187.000,
-6599196.000,
-6902096.000,
-325122.500,
-3772978.000,
3123108.000,
5451726.000,
-1839954.000,
8805758.000,
-6778955.000,
-3769102.500,
-3290339.000,
-12559335.000,
5970767.000,
-2576565.000,
-2059435.750,
3563533.000,
-3016772.000,
-5788854.000,
-1459214.000,
-6353778.000,
-812612.000,
8425564.000,
-5806109.000,
5262672.000,
-10310595.000,
-3627029.000,
-2203567.000,
-7140221.000,
777563.000,
-8513227.000,
-1355820.000,
-983728.000,
-2825874.000,
840311.500,
-6044486.000,
-4458013.500,
-4188509.000,
-2075855.750,
1223868.000,
-8085601.000,
-15164984.000,
4224897.000,
-68846.500,
6611280.000,
1688950.500,
519274.000,
-4866620.000,
7110077.500,
10463577.000,
9139330.000,
-5491936.000,
-11208802.000,
-6727021.000,
723893.000,
-10198583.000,
275670.000,
-4605053.000,
8784276.000,
29628.500,
-7199076.000,
-1701333.000,
-2603949.000,
-5231480.000,
-8455097.000,
-269812.000,
-6712706.000,
8253317.000,
3622325.000,
-2018204.000,
-11079474.000,
-3200703.000,
-1052552.000,
-4152356.000,
-5017172.500,
-4273685.500,
1155794.000,
2116514.000,
-2617365.000,
-5256916.000,
8212333.000,
-4246082.000,
957805.000,
-6417267.000,
5686754.000,
2282988.000,
3175264.000,
-11086609.000,
3803277.000,
665808.000,
552621.000,
-1640495.000,
-7084765.000,
-3822874.000,
11914919.000,
-7281122.000,
-692398.000,
377198.000,
-4506681.000,
4528702.000,
5113252.000,
-10506373.000,
2404851.000,
-3138912.000,
-8013971.000,
-8503252.000,
-9566543.000,
-5108499.000,
-3413711.000,
239590.500,
3778118.000,
-7482750.000,
3478564.000,
315437.500,
3740290.000,
-8971872.000,
-1833436.500,
-1105030.000,
-6427339.000,
-1577751.500,
-1526205.000,
-6105436.000,
2873492.000,
1647144.500,
1534605.875,
3426291.000,
5756367.500,
-440819.000,
4626223.000,
1549124.000,
-1901846.000,
1921853.500,
4131119.000,
5564708.000,
-4485474.000,
2002443.000,
-955615.000,
-281479.000,
-4707432.500,
-4172829.000,
1541504.000,
3933251.000,
-5955825.000,
-5605044.000,
1008253.000,
-7129088.000,
1678481.000,
-7229993.000,
382667.500,
-3547532.000,
-1637785.500,
505430.875,
-7588818.000,
4968669.000,
2339041.000,
-387151.000,
-4590978.000,
-8861604.000,
1534283.000,
499070.000,
-2364913.000,
12224878.000,
5734170.000,
1907941.000,
1341604.875,
4564654.000,
3337210.750,
3717648.000,
2709793.250,
-6668011.500,
6697317.000,
-757563.000,
-2148701.000,
5373334.000,
4501317.000,
5352929.000,
59438.875,
-751562.000,
-1022942.000,
-4602658.000,
2902756.250,
-172279.000,
1189468.000,
6717040.000,
1818795.000,
-5569657.000,
2055444.000,
4420532.500,
-5795080.000,
-1355477.500,
-1192124.625,
5526325.000,
-5382083.000,
-1984488.000,
-13782086.000,
-2490882.500,
-3892171.000,
-21612044.000,
-1585794.000,
-13731716.000,
-8708746.000,
-2174370.250,
-1274784.500,
-10526757.000,
-2974891.000,
-154768.000,
-3029445.000,
-5420574.000,
418573.000,
-4383890.000,
-6345740.000,
-5871913.000,
-592779.500,
-7436912.000,
-781436.000,
-10304379.000,
6535617.000,
2999800.500,
-942029.000,
-3438255.000,
-6171474.000,
-5084196.000,
-22907496.000,
-15368738.000,
-2156068.000,
6015342.000,
4776367.000,
-9289706.000,
-16034851.000,
-2276053.500,
-18555318.000,
-6099052.000,
4818.500,
-2742111.000,
-12222303.000,
-11749690.000,
1860276.500,
-5624377.000,
10000934.000,
-7430390.000,
-14987930.000,
-4319222.000,
-9180110.000,
-6868826.000,
5037196.000,
-916441.000,
-4888402.000,
-16799638.000,
7635045.000,
-6223489.000,
4988308.000,
-13884886.000,
-14100805.000,
-5369877.000,
-9464642.000,
3169192.000,
-399854.000,
-16064400.000,
-12686456.000,
-10287618.000,
-6624715.000,
-10059788.000,
-16579794.000,
-21755500.000,
-16679527.000,
-2371034.000,
-5565594.500,
-5188593.000,
-17165432.000,
2904392.000,
-2945805.000,
-5261646.000,
-6036707.000,
-11548340.000,
-25186056.000,
-1191842.000,
-21541592.000,
-10150532.000,
-20071584.000,
-15656479.000,
-9812658.000,
-25352264.000,
262640.500,
-5894063.000,
-7866348.000,
-12678360.000,
-22294972.000,
11723002.000,
-4862278.000,
-2680466.000,
-18987454.000,
-24853648.000,
-8991227.000,
-514685.500,
-8934080.000,
1133087.750,
-1989511.500,
-9585476.000,
-4559403.000,
-22191572.000,
6095088.000,
-5573689.000,
1058178.000,
-15521879.000,
-19036174.000,
-23893820.000,
-20308526.000,
-9754156.000,
-3427798.000,
-17536060.000,
-8895733.000,
-11101462.000,
-15009329.000,
-4626242.000,
4484244.000,
-18834344.000,
-4514965.500,
-16054357.000,
-5125565.500,
-18006112.000,
-16718618.000,
-21761808.000,
-1078796.000,
-9431466.000,
-23877456.000,
-19494828.000,
1589406.000,
3108951.000,
-22067764.000,
9720020.000,
-8289485.000,
6393638.000,
-17900972.000,
11250704.000,
-2678565.000,
-3240043.750,
-3242747.000,
-2390372.000,
-13169827.000,
-3694741.000,
2365124.250,
-4071512.000,
-2570035.500,
-5609209.000,
-19665692.000,
-23970386.000,
-18575320.000,
-3222863.000,
-9521363.000,
-4090659.000,
-21961848.000,
2596352.000,
-19874548.000,
-19386002.000,
-15225546.000,
-27026962.000,
-16930812.000,
-9834429.000,
11273028.000,
3477347.750,
-15412596.000,
-4373015.000,
1077857.000,
-14100070.000,
1641234.500,
-7560025.000,
-1938840.000,
-5575350.000,
1513975.000,
12999156.000,
-26641742.000,
-3355564.000,
-9434953.000,
-22420684.000,
-14596065.000,
-5520327.000,
-6052455.000,
-14430695.000,
17953172.000,
-891897.500,
-9107985.000,
-10147013.000,
-10474342.000,
-17329668.000,
-12755855.000,
-3585280.000,
-4082486.000,
9006258.000,
-1543891.000,
-882860.000,
-6523314.000,
1697034.000,
-2532213.000,
-6830012.000,
-285438.250,
383700.875,
-4196306.000,
4923149.000,
-4067805.000,
-5663696.000,
37933.000,
-4878746.000,
-6884758.000,
-2984932.000,
2595083.250,
276528.000,
-1946335.500,
-15327119.000,
-6175188.000,
594181.000,
-14898659.000,
2652080.750,
-7256332.000,
-4136565.000,
9018872.000,
-7433356.000,
-18080936.000,
-3221138.000,
-11588026.000,
-9178254.000,
-788023.250,
-9748945.000,
-869166.875,
-4666152.000,
-15821640.000,
-12427260.000,
-21189944.000,
-12478490.000,
-3204857.000,
-4232041.000,
-203925.000,
-20058500.000,
2196191.000,
-6971202.000,
-15529310.000,
-7898424.000,
-6503332.000,
4787102.000,
-5492803.000,
-15562358.000,
-423705.000,
-9391749.000,
5036180.000,
-10149446.000,
-10299880.000,
3958971.000,
723671.125,
5769400.000,
5448373.000,
3303900.000,
-6248966.000,
-2885118.500,
-3541708.000,
-394540.000,
-3514434.000,
-2167749.000,
-2687678.000,
-6699533.000,
5586868.000,
-2625770.000,
1806119.000,
-2275978.000,
-5245905.000,
-7088372.000,
3448093.000,
-7282556.000,
2071577.000,
-5639554.000,
-2752590.000,
-7162852.000,
-2743285.500,
666530.875,
-6293838.000,
3445285.000,
4331311.000,
1936369.000,
-6219998.000,
-9262735.000,
-1732501.000,
-406944.000,
-3093238.000,
2244974.000,
-6763471.000,
-7509752.000,
183748.750,
5347926.000,
2455055.000,
4520428.000,
-832121.500,
-6628279.500,
4805177.000,
8396166.000,
2345904.500,
5070790.000,
1862721.000,
399299.250,
-4860883.500,
-2396682.000,
-948350.000,
-3653744.000,
-6658564.000,
1132553.000,
864412.000,
2042128.500,
6050670.000,
-8431181.000,
3339540.000,
-312199.500,
-3197311.500,
-5542805.000,
-2930565.250,
10487833.000,
-10899623.000,
-3506684.000,
-11481086.000,
-4429914.500,
318722.000,
-8146620.000,
-9848034.000,
7702878.000,
-7269323.000,
-1803734.000,
-2293282.500,
500766.000,
-2021081.000,
-14628058.000,
-5342805.000,
-4447140.000,
6401173.000,
1134694.000,
706164.000,
-2547800.000,
12280414.000,
-1505572.000,
-5700085.000,
-371669.125,
2554062.000,
-7216656.000,
-2320328.750,
-2278191.000,
-9382723.000,
-8781815.000,
8279189.000,
-9196610.000,
4281272.000,
1096046.000,
2990482.000,
-1381531.750,
-1646077.500,
-4949913.000,
-10981686.000,
-791092.000,
-12786790.000,
-8034035.500,
-1933903.000,
-524347.000,
-10677754.000,
-4686649.000,
-1945195.000,
2654519.000,
-9380565.000,
-9027601.000,
261106.000,
-7210856.000,
11544004.000,
-7513658.000,
-8557133.000,
2100648.500,
-2812455.000,
-2496243.000,
1057172.000,
-6384051.500,
-11855913.000,
-640605.000,
-21354520.000,
5718007.000,
1814470.000,
-9215320.000,
-420356.000,
-11979618.000,
-18990544.000,
6720980.000,
-1832754.000,
-1344264.000,
-9817120.000,
2931330.250,
-13740909.000,
-16542096.000,
-10475307.000,
-14353888.000,
-1810545.000,
-7653134.000,
-4174067.000,
-19616372.000,
-3135456.000,
-51267.000,
-12540125.000,
1524708.000,
-7767535.000,
3627191.000,
-7680348.000,
-9005584.000,
10633901.000,
-7696911.000,
12198326.000,
-9822351.000,
-5344948.000,
9411410.000,
5725637.000,
-3483282.000,
-8831899.000,
8621284.000,
2092833.000,
-2075265.500,
-16997200.000,
-9352892.000,
-2715236.500,
6708429.500,
5944377.000,
-11636726.000,
-12728938.000,
-13506360.000,
73153.000,
-1081740.500,
-9692711.000,
-23550440.000,
-14618222.000,
-11180158.000,
-4134427.000,
-11880089.000,
-3149691.000,
-11890646.000,
-8924955.000,
-285524.000,
-10777068.000,
-11758152.000,
-5367124.000,
-9311709.000,
12141184.000,
-15328121.000,
-7322357.000,
-6876688.000,
5611804.000,
-24997866.000,
-21744436.000,
-7565868.000,
-14832594.000,
1776984.000,
-5614078.000,
14855976.000,
3345807.750,
-12772604.000,
-9826476.000,
-16708864.000,
-4706325.000,
-5415844.000,
7053253.000,
3486826.000,
-3558332.000,
-8448021.000,
12334522.000,
-6672952.500,
3300664.000,
8735851.000,
-15687528.000,
-698599.000,
253691.062,
1054449.000,
-5344833.000,
-11732915.000,
-9496486.000,
4906466.000,
-502858.000,
-3698322.000,
-17947910.000,
10148832.000,
-12792165.000,
-6965745.000,
1901017.625,
-24511372.000,
-7750071.000,
1172437.250,
-1652663.000,
-6106955.000,
-6723113.000,
-10835736.000,
5148256.000,
444179.250,
-13041040.000,
10114376.000,
-8665070.000,
-7228396.000,
-2646787.000,
-18013476.000,
-9381624.000,
5187160.000,
-5469330.000,
-5925834.000,
14806292.000,
2036546.500,
-6780505.000,
-8504197.000,
4953875.500,
-8567858.000,
-14356307.000,
-606652.000,
3919684.000,
5585033.500,
-8652775.000,
-1325836.000,
-8960994.000,
12349572.000,
-5597617.000,
-6620111.000,
1662280.000,
12236082.000,
2323389.000,
-2465011.000,
-6452565.000,
-5316514.000,
8081293.000,
-5220134.000,
1581696.000,
-5378548.000,
863627.500,
732348.000,
8262213.500,
3618241.000,
-4863258.000,
-1743305.000,
-11125339.000,
-6592815.000,
-9916487.000,
-9105343.000,
13304735.000,
1780496.000,
-6694498.000,
-4282002.000,
1652401.000,
11938620.000,
-1199820.250,
-9538217.000,
2976817.500,
-13252872.000,
954858.500,
-12079132.000,
-13680123.000,
-3100655.000,
5653608.500,
3684790.500,
224402.000,
-8683290.000,
11439897.000,
-5095222.000,
-11558174.000,
-3348547.750,
4511671.500,
706104.000,
-8726433.000,
-7688911.000,
2536920.000,
-5515171.000,
-2520556.000,
1458610.500,
-1217076.500,
-163509.000,
-3109677.250,
4401235.000,
464317.000,
2213180.000,
-4369226.000,
4302497.500,
2958758.000,
5299620.000,
3855726.000,
6989724.000,
3710164.000,
-2214080.750,
682043.875,
-7245335.000,
7333134.000,
-2762269.000,
-5917065.000,
-6222782.000,
1821013.000,
-8536922.000,
4903655.000,
-6106394.000,
-87771.500,
-5903312.000,
-4914685.000,
3458930.750,
-6051453.000,
4184266.000,
6975141.000,
-4086127.000,
-1138842.000,
-9123924.000,
1294289.000,
-2690454.000,
316727.000,
5710190.000,
2723932.000,
5192497.000,
3407482.000,
5445338.000,
-4745632.500,
136288.000,
8783263.000,
-1907739.000,
6090337.000,
4502552.000,
-2603765.000,
1997830.500,
3344707.000,
2551669.000,
-3335551.500,
-3031062.000,
5463010.000,
-1363020.000,
3248794.250,
3947796.000,
7438331.000,
1164328.500,
-1108080.000,
-5664503.000,
-302956.000,
5817798.500,
