# features.14.residual_branch.2._QL_REPLACED__INTEGERIZE_BN2D_SIGNED_ACT_PASS_14 (shape [7, 7, 160]),
-85,
47,
-2,
-72,
-27,
0,
-12,
-16,
-1,
-101,
-123,
-55,
-41,
-50,
27,
0,
-14,
-44,
26,
40,
11,
-65,
-28,
-36,
-20,
-69,
33,
-12,
-67,
-96,
71,
-74,
2,
-16,
47,
-26,
26,
105,
0,
87,
-55,
35,
63,
-43,
-19,
56,
-79,
18,
38,
-27,
34,
19,
-44,
31,
14,
-68,
-5,
-15,
-9,
92,
-3,
-58,
-3,
-46,
12,
-35,
-8,
-42,
-41,
-30,
38,
-1,
-13,
-3,
2,
26,
34,
42,
48,
19,
-41,
-5,
64,
37,
13,
17,
-15,
26,
43,
11,
-6,
-1,
14,
-55,
10,
76,
38,
6,
-22,
-9,
-98,
-5,
45,
80,
-71,
77,
-4,
-37,
8,
-25,
50,
-58,
-21,
-60,
11,
-28,
-50,
-3,
54,
6,
28,
91,
15,
3,
-20,
5,
40,
37,
-9,
-55,
52,
13,
-46,
-46,
8,
16,
-34,
56,
-18,
83,
17,
-17,
9,
9,
10,
-21,
58,
-14,
-17,
68,
-58,
90,
-43,
-23,
105,
-75,
3,
-72,
-12,
-1,
6,
-9,
-1,
-16,
6,
-6,
-54,
-2,
-8,
-35,
5,
-1,
32,
-49,
-6,
-17,
-21,
29,
-18,
19,
14,
-64,
25,
-25,
-16,
2,
-11,
9,
-8,
6,
30,
-46,
-20,
0,
26,
9,
-19,
17,
9,
-9,
27,
-7,
5,
34,
-6,
-4,
24,
8,
2,
44,
-5,
-26,
18,
-31,
7,
19,
-1,
5,
8,
39,
29,
13,
-22,
-35,
38,
19,
22,
-21,
-9,
25,
29,
-2,
28,
25,
45,
31,
3,
18,
-19,
-1,
-43,
-15,
-39,
24,
-38,
47,
-27,
24,
18,
48,
39,
0,
-22,
-33,
9,
-20,
29,
-15,
-19,
24,
-1,
10,
-2,
85,
-11,
3,
-29,
-15,
41,
-18,
27,
22,
18,
-12,
20,
-13,
-47,
27,
0,
-27,
-20,
-3,
16,
-71,
23,
-45,
17,
-57,
2,
15,
5,
-9,
-21,
-10,
-13,
-31,
20,
-37,
-30,
-13,
10,
66,
13,
39,
-28,
23,
10,
3,
-5,
-13,
4,
25,
2,
4,
-27,
36,
-29,
11,
-1,
9,
16,
-12,
-1,
2,
5,
3,
31,
2,
-21,
-5,
1,
-21,
-3,
-16,
-20,
-11,
-16,
10,
4,
23,
4,
-32,
21,
19,
-49,
-43,
1,
-16,
-20,
7,
-13,
-9,
-16,
15,
74,
25,
-16,
37,
-8,
-19,
52,
-19,
12,
5,
4,
7,
-7,
-24,
-35,
-6,
-7,
-19,
12,
-35,
-15,
-16,
11,
-24,
-4,
41,
1,
11,
-14,
-15,
-6,
18,
21,
10,
22,
21,
32,
-27,
-14,
-34,
14,
33,
-8,
-25,
3,
-1,
-9,
-5,
-18,
-10,
-28,
-9,
-6,
12,
1,
17,
-1,
17,
11,
0,
35,
-32,
59,
4,
-5,
-22,
-5,
37,
-4,
22,
-28,
24,
-24,
-18,
-3,
-46,
30,
-3,
-3,
-31,
0,
-14,
-3,
-23,
10,
-18,
-61,
-15,
-5,
5,
1,
-14,
48,
-11,
29,
13,
-10,
-7,
15,
4,
10,
-13,
27,
-29,
-27,
-7,
21,
44,
51,
5,
-20,
17,
-11,
30,
-2,
-8,
24,
20,
9,
-18,
39,
-8,
-18,
-18,
-39,
1,
13,
-2,
1,
0,
-34,
-7,
35,
-6,
-17,
-5,
3,
-25,
2,
-17,
-12,
0,
-13,
5,
-5,
27,
25,
-23,
15,
19,
-39,
-63,
20,
-13,
-29,
-9,
-24,
-9,
10,
24,
58,
12,
-11,
6,
0,
3,
35,
-3,
3,
27,
8,
28,
10,
-18,
-33,
7,
-3,
-35,
21,
-43,
-17,
-4,
11,
-13,
-13,
19,
-15,
10,
2,
-7,
-6,
22,
-12,
8,
-11,
8,
32,
-21,
-24,
-20,
34,
10,
2,
-1,
-13,
38,
-23,
-9,
-20,
-4,
-12,
-35,
10,
13,
9,
30,
-3,
20,
17,
-34,
34,
-19,
40,
-3,
-9,
-17,
0,
42,
-4,
21,
-21,
34,
-5,
-5,
-7,
-48,
17,
15,
-1,
-8,
6,
-15,
-10,
-32,
-6,
-26,
-60,
-2,
5,
-1,
1,
-1,
54,
-12,
20,
7,
5,
4,
0,
-7,
31,
3,
37,
-15,
-18,
9,
26,
43,
31,
29,
-11,
20,
-13,
23,
2,
5,
26,
49,
3,
-5,
33,
-21,
-21,
10,
-30,
-3,
12,
5,
-5,
-6,
-25,
-4,
5,
14,
4,
-1,
12,
11,
10,
-6,
-8,
-12,
-9,
5,
-9,
24,
32,
-9,
6,
3,
-32,
-8,
33,
-17,
-10,
0,
-19,
-11,
-1,
6,
32,
0,
-13,
-14,
-12,
-6,
-8,
-12,
2,
19,
6,
9,
17,
-5,
-16,
7,
4,
-14,
10,
-16,
-6,
-11,
3,
-1,
7,
-7,
-24,
7,
-5,
-11,
6,
2,
-18,
23,
-13,
5,
9,
-3,
-12,
-3,
38,
-6,
16,
-6,
7,
34,
-6,
12,
0,
11,
14,
-33,
-3,
-8,
13,
22,
-8,
-7,
12,
-44,
17,
-12,
21,
-18,
-6,
-16,
9,
15,
-28,
9,
-20,
3,
4,
0,
13,
-10,
-1,
-4,
3,
-21,
2,
7,
3,
-43,
15,
-13,
-34,
-8,
6,
-19,
-12,
15,
15,
-18,
10,
2,
5,
1,
-19,
-21,
14,
26,
6,
-3,
-21,
7,
18,
20,
-8,
36,
-5,
24,
-30,
14,
-2,
26,
18,
27,
19,
-8,
38,
-21,
-2,
26,
-5,
-24,
-11,
-10,
3,
-16,
-11,
54,
6,
21,
13,
-5,
0,
35,
-1,
-38,
-5,
-19,
-10,
10,
-12,
14,
1,
-2,
-26,
-1,
-29,
4,
-3,
16,
20,
-25,
32,
-26,
-22,
40,
55,
10,
-35,
-8,
-38,
-35,
-53,
-1,
-4,
7,
-18,
-40,
-2,
6,
-25,
-23,
-1,
-35,
-2,
17,
15,
-3,
-5,
14,
-6,
-32,
-4,
-4,
16,
6,
38,
30,
-7,
8,
-8,
3,
-46,
-9,
-12,
-10,
13,
6,
31,
12,
5,
0,
21,
0,
-3,
-34,
12,
-2,
-8,
15,
5,
7,
6,
2,
9,
-24,
11,
-30,
-1,
-14,
-24,
2,
14,
18,
10,
43,
3,
4,
7,
0,
10,
8,
-23,
2,
17,
-30,
-11,
-23,
7,
-26,
24,
-3,
-23,
-22,
14,
-37,
20,
-5,
-19,
-12,
21,
-10,
52,
20,
-18,
-3,
49,
-11,
-28,
19,
-11,
-10,
7,
-2,
-39,
25,
9,
-6,
-16,
-15,
7,
-10,
12,
5,
22,
-12,
-23,
-31,
-17,
-6,
-14,
-12,
-54,
5,
22,
-40,
-20,
20,
-44,
40,
18,
-38,
-51,
3,
-6,
-25,
24,
4,
18,
-36,
-25,
12,
-11,
-56,
-36,
-35,
-5,
-53,
26,
-10,
-24,
-67,
70,
-58,
-16,
13,
23,
-20,
-6,
37,
-15,
35,
-70,
-23,
51,
-15,
-17,
-18,
-68,
29,
-4,
-27,
37,
2,
-21,
-1,
-1,
-6,
-10,
-11,
7,
24,
-2,
-22,
0,
-35,
16,
-2,
4,
-6,
-23,
-5,
10,
18,
-35,
14,
38,
32,
-27,
41,
15,
21,
35,
-17,
11,
-9,
31,
5,
-1,
1,
28,
9,
-20,
-20,
12,
-38,
5,
18,
15,
-11,
-33,
-9,
5,
23,
62,
90,
-42,
29,
27,
-16,
15,
6,
10,
-23,
13,
-51,
10,
-16,
-26,
-38,
28,
-7,
-20,
7,
32,
-10,
-17,
44,
-7,
19,
26,
-59,
38,
43,
-29,
-13,
9,
-10,
-15,
30,
-12,
5,
18,
4,
-25,
22,
24,
-4,
62,
8,
-31,
5,
-69,
24,
2,
-51,
26,
-45,
-16,
-43,
0,
6,
3,
-32,
2,
6,
0,
11,
-4,
4,
1,
-43,
15,
36,
5,
15,
-23,
23,
11,
27,
7,
-36,
-5,
-12,
-4,
10,
-27,
72,
-21,
-4,
-30,
-23,
32,
15,
-11,
19,
-19,
14,
-21,
28,
-13,
-6,
-49,
24,
-11,
-4,
7,
-5,
25,
-7,
-15,
5,
3,
-17,
-5,
-36,
-15,
28,
5,
58,
-9,
-6,
-1,
48,
-2,
12,
62,
8,
62,
3,
-32,
6,
-31,
-23,
20,
1,
3,
-45,
-28,
29,
24,
-21,
-36,
2,
-14,
5,
-34,
50,
-14,
0,
16,
1,
39,
5,
-5,
10,
20,
-11,
-20,
24,
-37,
9,
29,
-7,
-10,
67,
40,
-19,
24,
7,
23,
-65,
-23,
19,
51,
-15,
0,
-12,
-26,
18,
43,
-24,
53,
-19,
47,
-61,
-1,
-32,
13,
-13,
-15,
16,
47,
17,
-12,
-9,
9,
-43,
-22,
12,
11,
-21,
6,
16,
-17,
23,
-8,
-4,
-34,
-19,
20,
-46,
-5,
-40,
-21,
31,
-96,
24,
6,
34,
-7,
-41,
21,
15,
4,
-16,
6,
-26,
7,
-33,
24,
-3,
8,
-20,
-3,
-11,
-4,
-26,
-20,
46,
1,
-4,
34,
-14,
34,
11,
-2,
-23,
13,
42,
-34,
6,
-31,
-20,
32,
10,
27,
12,
0,
23,
5,
1,
1,
12,
-17,
-1,
13,
7,
23,
-2,
0,
12,
-20,
-20,
-7,
-7,
32,
-4,
27,
-8,
-14,
6,
3,
15,
12,
-24,
8,
15,
34,
5,
-2,
17,
2,
-18,
15,
-23,
63,
1,
10,
3,
9,
-26,
-16,
35,
-17,
42,
8,
-2,
-3,
13,
7,
50,
5,
8,
10,
-23,
-5,
17,
18,
-26,
-24,
-12,
8,
14,
-36,
-11,
5,
34,
-12,
5,
5,
-2,
8,
-12,
-3,
-4,
-8,
-24,
8,
25,
-2,
-45,
7,
4,
6,
10,
-16,
-26,
47,
-41,
-2,
-11,
-9,
27,
-24,
-18,
-6,
6,
-4,
-10,
-21,
4,
-18,
39,
-18,
12,
-21,
-18,
-16,
-2,
-20,
-17,
26,
32,
7,
0,
11,
32,
31,
6,
-31,
-6,
36,
2,
-39,
-2,
11,
0,
22,
-13,
17,
-14,
-13,
-56,
-20,
-6,
-2,
-18,
-1,
13,
18,
-14,
7,
-5,
37,
-21,
9,
-48,
31,
-2,
-30,
-6,
-3,
-4,
24,
12,
12,
20,
-8,
27,
9,
-27,
15,
-42,
-10,
-29,
2,
13,
-15,
1,
-10,
-14,
7,
24,
33,
6,
-4,
-45,
53,
-33,
-29,
26,
0,
-15,
28,
-3,
-34,
-1,
34,
-6,
28,
-31,
24,
-17,
6,
-20,
14,
3,
3,
-26,
-3,
6,
-3,
10,
25,
-24,
-26,
11,
-1,
-14,
18,
30,
-17,
26,
13,
3,
12,
2,
40,
8,
32,
-26,
-16,
21,
-7,
2,
-1,
39,
-14,
15,
-10,
-9,
15,
-13,
-11,
-50,
-29,
-31,
-11,
-7,
14,
-26,
-8,
3,
-2,
27,
-27,
-5,
70,
0,
3,
-15,
16,
17,
26,
-9,
-22,
5,
19,
17,
-3,
10,
-16,
28,
-8,
-29,
6,
-45,
15,
8,
-3,
-14,
3,
38,
3,
-7,
32,
13,
1,
-2,
3,
18,
10,
23,
-31,
-11,
-1,
-28,
19,
-25,
34,
-9,
12,
-42,
-20,
-11,
7,
-6,
-15,
10,
16,
5,
20,
-3,
33,
2,
6,
-51,
17,
16,
-21,
-11,
-11,
0,
18,
13,
22,
5,
-10,
7,
5,
-25,
3,
-13,
-12,
-18,
15,
-1,
-2,
-13,
-28,
-10,
-1,
0,
20,
5,
-3,
-38,
40,
-8,
-19,
17,
-10,
0,
28,
-19,
-29,
0,
21,
4,
5,
-22,
16,
-3,
-2,
-15,
16,
-7,
-15,
5,
-16,
9,
11,
2,
-23,
-16,
-16,
0,
7,
-10,
7,
45,
-16,
27,
-17,
4,
7,
14,
23,
-13,
-8,
1,
3,
8,
-14,
-3,
3,
31,
-11,
23,
7,
19,
25,
-9,
-6,
-36,
0,
-39,
2,
2,
1,
-14,
-9,
3,
-8,
19,
-3,
-17,
51,
1,
-4,
-20,
15,
12,
10,
-20,
-20,
-14,
34,
1,
-4,
-3,
-9,
37,
3,
-24,
-21,
-37,
23,
13,
1,
-23,
-10,
51,
1,
13,
3,
19,
-17,
15,
11,
35,
20,
2,
-3,
2,
-5,
-29,
13,
-31,
25,
-4,
30,
-1,
11,
11,
4,
-13,
-20,
10,
0,
20,
43,
-7,
33,
12,
-17,
-13,
-8,
8,
-29,
-15,
-8,
9,
20,
-1,
0,
0,
-3,
-8,
0,
1,
-6,
11,
-7,
7,
14,
11,
6,
1,
-8,
14,
22,
-3,
-8,
7,
10,
-30,
32,
16,
10,
6,
-26,
8,
8,
-6,
-10,
1,
10,
7,
-1,
12,
5,
21,
-8,
-10,
37,
-3,
5,
-31,
3,
11,
-12,
21,
-1,
-15,
-6,
-9,
18,
-11,
7,
23,
-6,
16,
-5,
-39,
14,
10,
29,
-22,
-41,
21,
3,
-11,
-18,
-27,
-2,
9,
-4,
10,
31,
10,
21,
-22,
14,
8,
-12,
-28,
16,
0,
7,
14,
1,
17,
7,
9,
0,
-10,
32,
-25,
21,
-20,
-14,
36,
-8,
-30,
-12,
2,
9,
-8,
-18,
-2,
-5,
32,
-1,
25,
-3,
17,
0,
14,
-3,
20,
-7,
37,
7,
15,
20,
-9,
4,
36,
-3,
-5,
12,
4,
7,
9,
18,
15,
4,
-5,
7,
-9,
4,
26,
-11,
-4,
6,
-17,
20,
18,
33,
4,
10,
-7,
7,
7,
-12,
-3,
12,
13,
-10,
-8,
10,
-17,
2,
34,
36,
13,
5,
-20,
-19,
4,
-20,
12,
14,
7,
-21,
-37,
-2,
20,
0,
-23,
2,
-3,
-6,
24,
10,
-13,
4,
14,
17,
-4,
8,
-11,
6,
1,
8,
6,
-9,
-7,
18,
-13,
-24,
-6,
-19,
-8,
-3,
-3,
3,
5,
22,
4,
21,
19,
3,
-4,
23,
-2,
7,
-10,
14,
16,
-8,
6,
27,
8,
3,
-4,
25,
-23,
-8,
-7,
9,
13,
12,
19,
8,
-13,
6,
9,
-29,
6,
-21,
-6,
-4,
-7,
-8,
-24,
17,
9,
6,
11,
14,
-1,
-7,
-8,
-11,
-9,
-15,
-30,
29,
-37,
17,
35,
-6,
1,
2,
-30,
-11,
2,
7,
-1,
-9,
4,
-21,
7,
3,
7,
-2,
-7,
10,
-3,
-8,
-13,
-3,
-10,
-37,
-14,
1,
-25,
-37,
-14,
12,
-22,
-6,
-4,
-2,
30,
2,
18,
8,
20,
-6,
14,
8,
0,
-18,
-22,
-11,
40,
-4,
0,
1,
10,
14,
30,
9,
32,
-13,
6,
-21,
-18,
27,
-24,
9,
25,
25,
-21,
-2,
-24,
-25,
17,
-44,
26,
-3,
-21,
34,
-32,
5,
12,
0,
13,
7,
22,
11,
2,
-1,
-31,
-1,
26,
9,
-26,
5,
14,
-26,
1,
7,
-11,
24,
22,
3,
22,
-64,
-1,
-32,
-8,
11,
9,
-1,
24,
12,
10,
9,
2,
-7,
6,
12,
3,
-4,
-22,
20,
-19,
-1,
4,
36,
-9,
7,
2,
12,
2,
-20,
12,
43,
16,
16,
0,
-12,
-24,
43,
12,
16,
-2,
-9,
27,
47,
-12,
38,
2,
15,
2,
-3,
-7,
8,
-5,
27,
-14,
10,
-9,
-30,
-11,
20,
-30,
48,
20,
-11,
-14,
4,
-10,
-23,
6,
7,
21,
-18,
0,
-28,
19,
15,
4,
-14,
-5,
29,
-15,
3,
1,
19,
-25,
-55,
-24,
12,
-9,
-4,
-33,
-7,
-3,
-19,
11,
-1,
-13,
34,
6,
11,
7,
3,
3,
8,
14,
-11,
6,
-16,
29,
3,
-5,
17,
27,
20,
-7,
7,
-1,
-8,
4,
-8,
-18,
-7,
4,
23,
14,
2,
-12,
6,
31,
8,
-5,
-30,
33,
10,
13,
37,
11,
3,
7,
3,
4,
17,
-15,
8,
-24,
-3,
15,
-9,
11,
-3,
-19,
9,
8,
18,
-1,
17,
13,
10,
-11,
-10,
7,
6,
-23,
4,
-16,
4,
1,
27,
-2,
27,
-23,
-4,
-11,
16,
-1,
11,
16,
-2,
-26,
14,
-1,
-6,
-2,
0,
0,
-3,
-3,
-14,
-17,
5,
4,
4,
12,
-2,
-2,
-5,
-2,
-8,
-5,
-29,
6,
-6,
-5,
7,
-9,
15,
-20,
-5,
13,
45,
-4,
12,
-6,
14,
24,
-16,
3,
-6,
17,
2,
6,
24,
33,
-11,
-16,
14,
-3,
-22,
-12,
-1,
1,
13,
-2,
19,
21,
-11,
-11,
-14,
-13,
-2,
-8,
15,
4,
-3,
14,
-10,
7,
8,
0,
-29,
-27,
15,
23,
-12,
-4,
5,
-36,
22,
-37,
-3,
-7,
16,
15,
4,
10,
8,
-32,
6,
21,
-11,
17,
36,
13,
25,
-3,
-2,
13,
-16,
34,
-34,
-26,
-24,
15,
19,
0,
8,
-3,
-23,
37,
18,
-3,
0,
31,
-9,
26,
43,
11,
10,
1,
4,
17,
30,
-32,
1,
-29,
-13,
7,
10,
-12,
7,
-12,
-4,
35,
31,
-7,
-12,
18,
15,
-1,
-14,
26,
19,
9,
12,
13,
5,
1,
22,
-20,
18,
-34,
-5,
6,
-10,
26,
37,
-36,
-13,
-5,
-4,
6,
-2,
4,
-4,
-17,
-6,
7,
21,
-10,
-33,
8,
-1,
-3,
-37,
-54,
-12,
-8,
-7,
12,
7,
-15,
3,
-6,
15,
-8,
-21,
10,
15,
10,
11,
30,
14,
15,
12,
17,
22,
-25,
18,
-6,
15,
16,
-31,
35,
-8,
12,
-26,
13,
-2,
-6,
-12,
-19,
-13,
28,
-11,
9,
-18,
7,
-20,
10,
-33,
7,
10,
14,
15,
-1,
-10,
19,
-11,
23,
10,
-5,
0,
28,
-40,
-11,
-16,
-29,
33,
-4,
1,
-5,
3,
-11,
-17,
15,
3,
-29,
5,
27,
-23,
-20,
36,
12,
23,
-19,
8,
-25,
-24,
15,
-20,
-43,
-24,
24,
16,
6,
19,
6,
-18,
28,
32,
13,
-10,
23,
16,
9,
46,
3,
12,
-1,
-5,
3,
4,
-19,
-13,
-35,
-3,
2,
20,
-41,
7,
16,
9,
9,
-6,
-25,
-3,
17,
26,
-1,
10,
24,
31,
29,
21,
41,
-37,
5,
24,
-29,
-9,
-24,
6,
-38,
-9,
25,
29,
-22,
-20,
-17,
35,
-16,
-18,
-2,
11,
-10,
2,
8,
42,
-18,
-2,
11,
2,
5,
-32,
-70,
29,
6,
1,
49,
1,
-25,
17,
10,
1,
-31,
-18,
17,
-22,
-17,
-3,
28,
4,
9,
20,
-18,
24,
-12,
9,
0,
37,
15,
-22,
2,
19,
29,
-41,
-2,
-12,
-21,
38,
-21,
-14,
2,
-27,
-6,
-27,
-36,
-2,
23,
-39,
-14,
-2,
1,
20,
-21,
-12,
8,
-10,
21,
34,
-4,
3,
26,
-24,
-18,
-10,
-33,
30,
-16,
-4,
-18,
-1,
3,
12,
10,
0,
-16,
-17,
0,
-12,
10,
45,
-7,
3,
5,
-1,
-1,
-7,
6,
-17,
-11,
-4,
10,
15,
-4,
28,
-14,
-1,
19,
18,
24,
-7,
33,
10,
14,
33,
-9,
20,
8,
-17,
-5,
6,
-11,
-32,
-32,
3,
-27,
22,
-33,
-5,
8,
-8,
1,
-16,
-16,
-11,
3,
38,
9,
3,
51,
29,
33,
31,
48,
-15,
-1,
32,
-15,
-16,
-16,
38,
-47,
-18,
33,
17,
-58,
-15,
5,
20,
-3,
-22,
-25,
15,
-7,
10,
24,
25,
-50,
-24,
31,
-8,
-16,
-30,
-70,
18,
-1,
-1,
20,
26,
-2,
17,
18,
1,
-10,
-10,
3,
3,
-23,
-23,
34,
-9,
26,
12,
-13,
25,
-6,
4,
-26,
34,
6,
-8,
4,
10,
39,
-32,
-12,
13,
-8,
29,
-20,
-17,
14,
-18,
11,
-24,
-15,
13,
40,
-33,
-19,
-13,
16,
12,
-19,
-23,
-9,
-4,
6,
27,
-1,
24,
2,
-22,
0,
-13,
-30,
12,
-10,
-11,
5,
27,
16,
9,
25,
-21,
-9,
-12,
-3,
-7,
27,
38,
-7,
22,
10,
-19,
-12,
-7,
-3,
-24,
13,
-13,
5,
8,
-7,
4,
19,
-13,
7,
0,
21,
2,
19,
21,
17,
15,
-4,
-9,
10,
-8,
15,
7,
3,
-17,
-30,
6,
-19,
3,
-3,
-8,
1,
-20,
0,
14,
19,
-17,
14,
22,
22,
18,
15,
21,
13,
8,
17,
10,
11,
20,
-13,
-3,
-3,
11,
-18,
1,
-8,
4,
-26,
-3,
4,
-7,
-2,
2,
-23,
23,
-37,
14,
-3,
27,
-21,
-51,
38,
-20,
-16,
-17,
-36,
-4,
4,
6,
6,
22,
13,
20,
-14,
-15,
1,
-15,
12,
7,
-8,
-16,
31,
-3,
34,
22,
9,
25,
-27,
11,
-17,
16,
22,
-29,
15,
5,
32,
-12,
16,
-3,
4,
-11,
-7,
-4,
20,
-6,
21,
-11,
0,
0,
33,
-22,
16,
-6,
22,
1,
-11,
-29,
-8,
-7,
30,
15,
-1,
20,
12,
-19,
10,
10,
10,
24,
5,
-12,
3,
21,
34,
-2,
-8,
-23,
6,
-4,
-14,
11,
17,
21,
-19,
21,
11,
0,
-21,
3,
-7,
-10,
-4,
-5,
27,
1,
20,
6,
10,
8,
-5,
6,
0,
0,
29,
19,
20,
-23,
-6,
-3,
-2,
-4,
1,
9,
3,
-11,
-19,
13,
-3,
1,
7,
10,
5,
-16,
-2,
10,
7,
-2,
23,
0,
28,
27,
9,
-24,
-6,
14,
-9,
-10,
-10,
7,
-8,
25,
25,
13,
-6,
4,
-5,
0,
5,
-9,
-2,
-7,
7,
8,
5,
20,
0,
13,
0,
2,
2,
-30,
17,
21,
7,
1,
-23,
1,
-1,
16,
-1,
-16,
16,
-6,
6,
3,
-7,
-18,
-4,
-8,
5,
-7,
13,
17,
10,
7,
-8,
33,
1,
3,
0,
7,
10,
-10,
11,
12,
7,
-3,
5,
6,
-9,
-19,
9,
-2,
6,
8,
17,
-1,
-16,
1,
19,
-3,
13,
-19,
-16,
10,
-4,
-45,
3,
3,
-12,
2,
11,
7,
9,
1,
17,
16,
9,
5,
10,
-1,
3,
-13,
25,
6,
-7,
0,
-3,
-26,
22,
-3,
8,
9,
36,
22,
17,
34,
1,
19,
9,
-20,
-8,
5,
-19,
22,
17,
18,
-26,
2,
-20,
-4,
11,
-13,
29,
0,
1,
2,
-24,
-13,
4,
8,
9,
14,
6,
0,
-17,
-9,
4,
-2,
15,
3,
-22,
0,
-1,
-9,
13,
0,
-5,
-9,
4,
-13,
33,
-23,
0,
-11,
-17,
16,
12,
-15,
8,
28,
-8,
5,
12,
-2,
14,
5,
-21,
0,
-18,
2,
8,
-13,
10,
31,
15,
1,
3,
-15,
8,
-19,
20,
11,
31,
28,
-12,
-17,
-10,
36,
14,
-16,
28,
8,
6,
10,
-25,
21,
-2,
-21,
28,
-2,
-4,
19,
-8,
30,
-16,
16,
21,
8,
18,
-4,
-16,
12,
1,
7,
-10,
-5,
-8,
-11,
11,
-12,
10,
-22,
4,
2,
-4,
19,
-10,
-21,
-19,
12,
2,
-17,
-1,
41,
3,
-21,
-11,
1,
-4,
-4,
-20,
6,
-20,
2,
9,
-2,
-4,
43,
-18,
4,
-3,
17,
7,
20,
-7,
1,
13,
-26,
8,
-6,
28,
-1,
9,
12,
7,
-1,
0,
-29,
1,
12,
-4,
-15,
-7,
29,
12,
18,
-19,
24,
51,
9,
-9,
-3,
1,
10,
51,
15,
36,
16,
20,
-18,
28,
35,
-5,
11,
-3,
4,
16,
5,
10,
-4,
-29,
1,
-4,
3,
5,
9,
12,
14,
15,
-23,
20,
16,
-24,
-21,
-16,
26,
9,
4,
5,
20,
-13,
-15,
-15,
-1,
-22,
17,
11,
11,
-28,
22,
-2,
-23,
-4,
-6,
-23,
-2,
0,
-21,
-11,
-24,
19,
3,
23,
5,
-11,
-14,
-17,
-25,
-7,
-20,
-9,
2,
-15,
-12,
-6,
21,
-5,
4,
7,
19,
-7,
15,
-18,
15,
28,
-3,
-20,
18,
21,
-32,
20,
13,
26,
-14,
-28,
2,
10,
5,
-13,
-23,
-7,
9,
12,
56,
7,
2,
8,
3,
-9,
-4,
11,
-12,
6,
-3,
-9,
-6,
-14,
13,
-2,
-22,
0,
17,
-8,
4,
6,
21,
-7,
12,
-47,
-13,
-10,
32,
15,
23,
-7,
-24,
12,
0,
-21,
-3,
22,
-8,
-19,
-12,
19,
4,
5,
10,
-4,
30,
2,
3,
-2,
0,
-4,
11,
-18,
-5,
25,
-1,
-25,
3,
8,
-1,
32,
3,
17,
21,
4,
-2,
13,
14,
14,
-10,
2,
11,
-12,
0,
-6,
7,
-19,
-12,
16,
4,
-5,
-3,
-5,
26,
5,
4,
29,
-6,
-14,
-6,
1,
-9,
-9,
-9,
-1,
24,
4,
21,
1,
-15,
-1,
-1,
1,
13,
3,
-23,
7,
-22,
26,
-2,
-16,
-17,
-5,
3,
-3,
-32,
-10,
-6,
-18,
12,
-6,
14,
-33,
-5,
-13,
-15,
5,
12,
-24,
-6,
12,
-15,
-14,
27,
-9,
8,
3,
7,
-7,
15,
34,
-17,
-11,
11,
-4,
3,
0,
-18,
33,
-2,
3,
-40,
21,
19,
-10,
-41,
-4,
10,
-1,
17,
-2,
-3,
-7,
23,
40,
-28,
22,
16,
-45,
6,
-24,
30,
-2,
-7,
-5,
11,
-4,
21,
-22,
17,
-7,
-14,
-22,
16,
-13,
-9,
-11,
34,
21,
34,
5,
-20,
-12,
-32,
19,
-57,
34,
6,
-19,
8,
1,
8,
2,
-7,
-1,
19,
-23,
6,
4,
10,
-10,
30,
-16,
9,
13,
1,
3,
-19,
25,
-9,
18,
24,
3,
22,
29,
3,
0,
26,
-19,
-6,
-31,
-11,
-30,
7,
-5,
6,
-5,
-17,
-3,
-24,
-3,
17,
-5,
21,
-4,
-9,
68,
7,
10,
5,
6,
-18,
-1,
-3,
-17,
20,
-2,
23,
-36,
-15,
-9,
7,
-13,
20,
-14,
-18,
-9,
-13,
10,
3,
-15,
-12,
-7,
4,
-18,
-62,
31,
-10,
-13,
-12,
-49,
-14,
6,
19,
-9,
10,
7,
9,
-12,
-3,
-10,
-17,
10,
10,
-9,
-10,
19,
27,
-18,
24,
-12,
1,
-18,
19,
4,
2,
-4,
-30,
28,
-14,
10,
-17,
24,
-4,
-10,
-1,
-19,
13,
-1,
-5,
25,
6,
6,
14,
18,
-41,
8,
-20,
-10,
23,
-5,
-24,
-4,
5,
17,
2,
-28,
4,
-12,
2,
-6,
-6,
-7,
21,
-9,
-47,
-24,
24,
17,
39,
9,
-3,
-23,
-13,
14,
-51,
61,
17,
-15,
-3,
13,
18,
-25,
-17,
-18,
7,
6,
-3,
4,
-6,
-15,
10,
-9,
-1,
14,
-10,
1,
10,
6,
-4,
23,
22,
-8,
21,
31,
-25,
0,
25,
1,
0,
-35,
0,
-31,
-3,
-26,
0,
15,
-29,
-26,
-31,
6,
-7,
-20,
29,
-12,
-9,
59,
25,
-4,
16,
11,
38,
12,
-6,
-10,
28,
12,
16,
-36,
-20,
14,
-4,
-24,
9,
-15,
-3,
-9,
-12,
-25,
6,
6,
0,
-8,
14,
-26,
-51,
32,
-18,
-10,
-5,
-30,
-22,
10,
-22,
-18,
21,
23,
9,
1,
-1,
-11,
14,
-15,
10,
-13,
-21,
5,
14,
19,
34,
-23,
-4,
-5,
26,
-18,
17,
21,
-41,
23,
3,
11,
-30,
11,
6,
-16,
-20,
-30,
-10,
13,
4,
12,
-13,
-8,
21,
26,
-42,
18,
-14,
24,
17,
-60,
0,
-24,
16,
24,
-1,
-17,
9,
-15,
9,
-5,
-15,
-23,
27,
-14,
-46,
-15,
37,
7,
14,
2,
-13,
-22,
7,
-19,
-34,
22,
17,
-11,
-3,
15,
15,
-27,
5,
-28,
-10,
18,
-18,
-3,
-14,
-13,
-10,
-2,
-13,
0,
4,
-19,
24,
-8,
-6,
31,
18,
18,
-2,
9,
-15,
27,
-12,
-15,
-13,
-32,
-21,
-18,
-7,
-10,
-4,
-5,
-30,
-20,
-18,
22,
-15,
-4,
19,
8,
8,
29,
34,
-13,
2,
13,
6,
17,
2,
-9,
33,
18,
5,
-20,
-15,
-7,
1,
0,
-2,
-17,
-16,
-25,
5,
-16,
-13,
-20,
11,
-26,
5,
-2,
-25,
15,
-24,
3,
-14,
-20,
-15,
1,
-12,
-7,
19,
10,
15,
-22,
-9,
13,
11,
-26,
8,
-11,
-12,
-1,
18,
33,
19,
-9,
15,
10,
5,
-4,
-4,
27,
-50,
18,
8,
30,
-31,
11,
19,
-26,
-27,
-4,
-4,
21,
15,
12,
-9,
-19,
20,
10,
-31,
34,
-15,
30,
11,
-55,
11,
0,
-12,
24,
9,
1,
8,
-13,
-7,
-6,
-15,
6,
20,
-6,
-33,
-17,
43,
16,
13,
-25,
-22,
1,
-24,
-15,
-17,
33,
0,
9,
8,
5,
9,
11,
51,
-19,
2,
2,
-21,
0,
2,
6,
-7,
-25,
2,
-2,
-9,
-7,
1,
8,
18,
46,
14,
19,
9,
-10,
-15,
18,
8,
-9,
-14,
-36,
-17,
-18,
6,
20,
-3,
15,
-24,
-23,
-1,
13,
13,
2,
1,
31,
28,
22,
7,
-12,
-5,
-11,
-25,
8,
20,
20,
46,
40,
-4,
-1,
-21,
1,
-5,
9,
2,
-24,
10,
-2,
-5,
9,
4,
-23,
-2,
-10,
7,
18,
-38,
9,
12,
19,
-7,
-3,
3,
-1,
-8,
-10,
-4,
-16,
22,
0,
4,
-11,
2,
-16,
2,
-16,
0,
-21,
41,
5,
15,
-12,
18,
7,
44,
1,
-8,
6,
-14,
42,
23,
2,
-9,
2,
24,
-20,
-13,
3,
-11,
15,
14,
26,
-21,
6,
26,
11,
2,
21,
4,
-14,
20,
-15,
-18,
-18,
-3,
30,
10,
13,
13,
-5,
-1,
6,
26,
4,
11,
-6,
-10,
-6,
-14,
35,
1,
9,
-2,
-3,
-24,
9,
-13,
13,
6,
21,
24,
-3,
8,
-2,
24,
15,
-5,
1,
2,
-17,
19,
8,
8,
-35,
-2,
-6,
-1,
4,
-4,
-1,
3,
12,
0,
-10,
3,
8,
3,
10,
15,
-1,
-6,
-5,
-7,
9,
13,
-2,
-8,
-12,
8,
-19,
-8,
10,
13,
3,
-10,
-5,
-24,
26,
2,
-8,
-14,
-15,
11,
-7,
-9,
16,
31,
-11,
2,
4,
-11,
12,
2,
-4,
12,
-19,
-5,
2,
-1,
-12,
20,
25,
8,
2,
-16,
7,
-21,
21,
9,
17,
30,
-6,
-4,
8,
20,
3,
-9,
27,
13,
9,
-8,
-23,
-7,
-11,
-19,
20,
-1,
-4,
23,
2,
28,
7,
1,
17,
11,
15,
-4,
-12,
15,
2,
5,
-9,
5,
-6,
5,
1,
-19,
6,
-13,
-1,
3,
-12,
17,
-11,
-10,
-18,
18,
6,
-14,
3,
28,
7,
-32,
-1,
-12,
-5,
-12,
-7,
13,
-8,
7,
-3,
25,
-12,
26,
-11,
11,
-9,
9,
7,
13,
-6,
-12,
30,
-27,
22,
2,
0,
14,
18,
-2,
3,
6,
17,
-17,
8,
40,
-21,
-40,
-13,
15,
21,
6,
-15,
21,
25,
19,
3,
2,
20,
12,
17,
28,
26,
15,
25,
5,
35,
15,
-7,
23,
2,
11,
15,
1,
6,
-9,
-19,
3,
-9,
-9,
-8,
6,
-10,
-5,
12,
-27,
-3,
25,
-11,
-6,
10,
21,
-16,
-18,
1,
0,
-29,
-5,
15,
2,
0,
24,
28,
-18,
-13,
3,
15,
-24,
7,
-14,
-5,
-21,
8,
-22,
-32,
-12,
0,
9,
0,
31,
-9,
9,
-18,
-3,
8,
-12,
-10,
-1,
11,
-21,
-3,
19,
-9,
-8,
18,
19,
-21,
23,
-15,
29,
8,
7,
-14,
8,
31,
-11,
3,
25,
15,
-8,
-24,
-4,
0,
-2,
-2,
2,
-9,
-1,
-1,
16,
12,
-21,
-22,
-7,
-22,
11,
-11,
-4,
-1,
-15,
3,
9,
11,
14,
-7,
-12,
-3,
23,
12,
6,
-6,
40,
7,
33,
-14,
-12,
4,
20,
6,
-1,
-27,
-4,
37,
12,
-3,
10,
-10,
-6,
-1,
-20,
13,
10,
-2,
17,
-9,
50,
-11,
-12,
20,
0,
-1,
-8,
-15,
14,
31,
-3,
-10,
14,
7,
1,
7,
-5,
2,
21,
15,
-14,
6,
-23,
17,
10,
16,
31,
16,
-19,
-2,
18,
-4,
-11,
1,
3,
-12,
20,
-4,
1,
11,
1,
-9,
0,
-35,
1,
0,
7,
-14,
-41,
-7,
1,
-5,
-24,
30,
-19,
8,
-5,
25,
1,
7,
-18,
13,
-20,
20,
-6,
15,
-15,
-5,
-17,
-3,
38,
-30,
10,
-6,
14,
15,
17,
-34,
-17,
-5,
-8,
-14,
14,
-11,
-14,
-4,
-3,
-14,
-1,
-2,
29,
-14,
16,
-3,
31,
-4,
17,
-15,
-10,
11,
-21,
12,
-3,
-6,
0,
-1,
-23,
21,
14,
-18,
-2,
-16,
-5,
-1,
24,
5,
-14,
-31,
-6,
2,
26,
9,
15,
-28,
-1,
-17,
25,
6,
-4,
-3,
10,
6,
-8,
26,
13,
-3,
25,
-4,
30,
-4,
-5,
-8,
35,
-2,
4,
-27,
-18,
10,
-4,
-3,
-5,
-8,
-8,
-8,
-3,
9,
10,
-10,
4,
-32,
31,
-1,
-19,
-14,
1,
6,
-10,
2,
3,
4,
-1,
-10,
19,
30,
-13,
16,
9,
41,
19,
-8,
-21,
-3,
-6,
-8,
9,
8,
-14,
-1,
12,
5,
6,
0,
3,
-4,
-13,
-2,
10,
0,
1,
5,
-23,
29,
-1,
-22,
-5,
-2,
25,
2,
-34,
-30,
7,
11,
-9,
15,
-28,
-3,
1,
13,
14,
14,
-11,
6,
-38,
26,
-41,
-15,
-14,
-9,
-24,
-7,
4,
-7,
11,
0,
13,
9,
-2,
-17,
-17,
8,
-4,
-2,
5,
-15,
-4,
-3,
7,
-8,
5,
1,
4,
-11,
35,
7,
35,
-40,
18,
-11,
8,
19,
-8,
22,
-8,
9,
13,
-2,
-13,
15,
-9,
-37,
2,
-17,
-3,
0,
33,
25,
10,
6,
15,
-3,
28,
18,
14,
-4,
5,
-30,
12,
14,
5,
15,
18,
13,
0,
49,
9,
-1,
16,
-10,
21,
-6,
-36,
-11,
27,
-19,
0,
-25,
7,
3,
0,
-15,
6,
-6,
3,
2,
-1,
17,
35,
-41,
19,
-16,
27,
56,
-23,
-3,
-2,
6,
-31,
7,
-14,
18,
-1,
-25,
13,
-10,
-26,
0,
11,
21,
33,
-12,
-12,
-8,
-11,
4,
-5,
12,
-8,
7,
20,
-16,
-5,
-12,
10,
-15,
-29,
7,
-4,
2,
33,
-6,
-19,
22,
1,
-13,
2,
13,
30,
4,
-36,
-7,
15,
1,
3,
-1,
-25,
1,
-16,
22,
-8,
10,
-8,
-15,
-42,
-10,
-27,
-6,
-16,
-7,
-8,
-12,
6,
1,
24,
13,
0,
16,
-20,
-7,
-14,
-9,
-1,
14,
-7,
20,
26,
-7,
15,
-26,
-13,
-6,
3,
-20,
30,
23,
10,
-45,
9,
5,
-17,
-2,
3,
11,
-21,
7,
21,
-9,
-17,
-7,
12,
-37,
-8,
-20,
-1,
-4,
30,
18,
-9,
-17,
21,
13,
17,
13,
11,
7,
1,
-46,
-6,
19,
12,
5,
7,
26,
-11,
27,
15,
-8,
2,
0,
34,
-8,
-38,
-1,
17,
-9,
-11,
-24,
17,
-20,
16,
-10,
11,
-22,
3,
11,
-12,
6,
19,
-44,
20,
-32,
6,
13,
-8,
8,
-6,
-2,
-17,
-10,
-9,
11,
3,
-22,
5,
-30,
-12,
4,
3,
5,
11,
-13,
-2,
8,
-36,
2,
-13,
6,
1,
-5,
14,
-1,
-2,
-10,
-11,
-24,
-14,
4,
-4,
-4,
7,
11,
6,
9,
39,
-4,
-11,
12,
14,
5,
-16,
-7,
8,
24,
-13,
-8,
-23,
3,
-9,
14,
-6,
15,
-4,
3,
-21,
-6,
-24,
5,
-2,
-26,
-7,
-11,
1,
-19,
-9,
5,
-8,
-2,
-4,
-8,
-2,
-17,
-1,
-1,
2,
-13,
31,
-3,
5,
-21,
-21,
-14,
-1,
-22,
19,
34,
24,
-21,
20,
16,
5,
4,
-12,
3,
-25,
-1,
24,
15,
-19,
-1,
28,
-25,
11,
-1,
3,
-7,
16,
-4,
-16,
-31,
9,
-19,
17,
10,
19,
-3,
-4,
-33,
-10,
-9,
-16,
7,
0,
22,
-14,
11,
6,
-6,
3,
-14,
15,
2,
-8,
-1,
18,
13,
-1,
-35,
-1,
-5,
-2,
-8,
23,
12,
1,
25,
-3,
12,
19,
-5,
18,
3,
4,
13,
-25,
-15,
29,
2,
-9,
-10,
-10,
3,
-6,
-13,
-12,
5,
6,
29,
6,
24,
13,
-10,
-1,
22,
4,
-2,
-17,
4,
-7,
-24,
11,
19,
2,
-5,
-18,
-31,
6,
4,
14,
2,
-6,
22,
-13,
12,
0,
0,
-14,
-5,
22,
15,
15,
-4,
16,
21,
-18,
1,
-19,
10,
-3,
-3,
9,
-5,
15,
13,
-8,
-4,
-18,
11,
-2,
1,
-8,
-1,
-2,
8,
-8,
20,
11,
-3,
10,
-2,
-8,
-6,
4,
-1,
5,
-16,
21,
10,
0,
-23,
-15,
-23,
-15,
-21,
9,
28,
29,
-20,
16,
8,
18,
7,
1,
3,
8,
20,
7,
-5,
-10,
5,
19,
-12,
-20,
11,
-17,
19,
9,
12,
-4,
-4,
22,
-5,
11,
0,
5,
3,
14,
-18,
4,
-19,
0,
19,
-2,
15,
-8,
2,
1,
14,
25,
-5,
7,
5,
-4,
-1,
9,
24,
-5,
22,
7,
-1,
-29,
19,
19,
15,
11,
19,
10,
-9,
-6,
8,
8,
16,
9,
5,
10,
-30,
23,
9,
5,
-21,
6,
13,
-4,
3,
-6,
8,
8,
5,
2,
-16,
11,
10,
14,
15,
8,
9,
8,
-3,
8,
2,
8,
7,
-2,
-8,
13,
-18,
17,
14,
12,
8,
8,
3,
-10,
14,
-4,
12,
-12,
-15,
11,
-4,
-11,
6,
23,
-19,
-2,
3,
-2,
19,
-2,
2,
16,
-18,
4,
17,
9,
-8,
18,
36,
7,
-10,
-14,
5,
-21,
13,
-2,
3,
52,
14,
-3,
-1,
16,
-2,
-18,
25,
-6,
-13,
-4,
-2,
2,
-4,
-6,
22,
4,
2,
7,
3,
28,
-3,
-21,
8,
-15,
23,
-2,
-36,
32,
22,
4,
1,
16,
-2,
-5,
-5,
-8,
-1,
-13,
18,
-1,
-1,
19,
1,
-9,
-18,
13,
-13,
-10,
-1,
5,
5,
-25,
-2,
-20,
-11,
-27,
-13,
42,
-27,
34,
15,
-11,
-5,
36,
-5,
-12,
16,
3,
-15,
1,
16,
4,
2,
-1,
11,
-10,
12,
41,
20,
11,
2,
-5,
15,
7,
13,
-13,
-23,
0,
30,
11,
-12,
15,
-3,
9,
5,
-6,
-12,
-24,
14,
25,
31,
24,
0,
18,
7,
11,
10,
8,
-30,
14,
-33,
-6,
4,
13,
29,
-14,
-25,
14,
-30,
-1,
17,
3,
-5,
1,
4,
-22,
-7,
8,
8,
-25,
9,
-11,
-12,
41,
-7,
24,
-63,
-25,
10,
12,
-4,
47,
-7,
-30,
-21,
2,
11,
-12,
15,
4,
-3,
-13,
6,
-6,
16,
-12,
-3,
-13,
17,
7,
3,
5,
25,
12,
14,
11,
-26,
12,
11,
20,
2,
-7,
-4,
4,
5,
0,
-6,
18,
13,
1,
15,
-22,
-16,
-18,
9,
3,
-17,
-5,
6,
-6,
-6,
-5,
-5,
11,
-7,
-13,
-23,
-24,
10,
18,
17,
-31,
10,
17,
-12,
-1,
7,
15,
9,
-16,
36,
-14,
-25,
17,
11,
-13,
-44,
38,
-25,
30,
2,
-7,
-4,
43,
-17,
-16,
16,
9,
8,
0,
-18,
-3,
18,
-2,
-6,
-11,
-13,
31,
11,
5,
10,
3,
14,
16,
13,
11,
-7,
5,
15,
3,
-13,
7,
-20,
12,
16,
4,
-15,
-2,
-8,
6,
7,
17,
8,
14,
10,
0,
2,
-20,
4,
-4,
-12,
-2,
-4,
16,
-2,
8,
-9,
-2,
-34,
4,
-1,
-16,
-9,
-7,
9,
-15,
-9,
22,
-34,
-16,
3,
10,
3,
17,
-16,
4,
-24,
-24,
12,
-3,
4,
13,
-7,
-35,
8,
-4,
12,
-10,
5,
-23,
20,
-5,
-7,
-6,
-4,
17,
-9,
-9,
19,
-8,
-7,
13,
9,
-15,
2,
21,
-49,
6,
-9,
15,
2,
-7,
-8,
-15,
-17,
-4,
3,
8,
21,
0,
2,
-15,
-22,
-12,
2,
-1,
-5,
-16,
-11,
-5,
5,
-18,
1,
19,
-5,
-8,
-4,
-24,
3,
24,
13,
-12,
-25,
-1,
10,
2,
28,
24,
-1,
3,
15,
-25,
-6,
7,
5,
-6,
12,
0,
-22,
29,
10,
7,
1,
27,
-2,
-14,
3,
13,
12,
-10,
-29,
5,
-21,
-6,
5,
-4,
-3,
28,
0,
-9,
-5,
-16,
5,
-17,
-3,
4,
-1,
9,
-3,
26,
-22,
-4,
3,
2,
14,
13,
-5,
-7,
-3,
19,
19,
15,
20,
8,
12,
-6,
14,
-3,
-8,
-9,
-10,
-34,
-9,
6,
2,
-6,
5,
6,
-4,
15,
-3,
-16,
2,
-4,
14,
-23,
14,
26,
-12,
-8,
-8,
25,
-14,
23,
-17,
10,
0,
-16,
8,
10,
-3,
31,
-15,
1,
6,
8,
2,
-6,
-9,
-37,
4,
9,
-31,
4,
-17,
-19,
11,
-30,
9,
7,
0,
-7,
15,
-9,
9,
20,
-21,
4,
-19,
0,
5,
7,
12,
21,
-5,
-4,
3,
10,
26,
14,
-17,
-13,
-27,
-6,
9,
10,
-6,
-14,
17,
9,
-11,
1,
-4,
-6,
3,
6,
-9,
-13,
5,
18,
14,
10,
-5,
-14,
4,
-7,
20,
7,
5,
10,
-12,
-3,
-17,
4,
10,
1,
3,
-8,
-20,
21,
15,
7,
-3,
36,
-5,
-30,
24,
-2,
2,
1,
-42,
6,
-17,
-7,
-5,
-11,
5,
18,
-10,
0,
-3,
-4,
-8,
0,
3,
19,
15,
-4,
2,
19,
-5,
-11,
2,
-4,
5,
1,
-14,
-22,
-18,
19,
-1,
16,
16,
18,
15,
-2,
-5,
1,
-5,
-16,
-10,
-37,
15,
8,
11,
-6,
9,
22,
-15,
0,
5,
4,
10,
8,
-1,
-19,
20,
19,
1,
1,
-17,
9,
16,
14,
-15,
29,
-8,
-7,
2,
11,
7,
16,
-5,
5,
8,
1,
-5,
-4,
-10,
-36,
-2,
-21,
-10,
22,
-37,
-31,
11,
-8,
22,
-23,
19,
-13,
35,
-3,
-8,
-2,
2,
7,
-19,
-5,
9,
-17,
-3,
0,
5,
-8,
10,
5,
30,
-16,
-10,
-6,
-14,
-25,
-1,
-3,
-6,
-21,
32,
10,
-5,
3,
-5,
1,
12,
-4,
-11,
-6,
18,
17,
-5,
-11,
0,
-7,
5,
-19,
13,
5,
-15,
5,
8,
-19,
-14,
-1,
-7,
7,
5,
1,
-32,
23,
14,
2,
-5,
44,
8,
-31,
37,
6,
26,
5,
-39,
-7,
-5,
0,
11,
5,
-5,
-6,
22,
7,
-9,
11,
-9,
0,
-9,
19,
22,
-8,
-1,
23,
-12,
-3,
-4,
-27,
15,
0,
12,
-15,
-13,
16,
7,
29,
8,
3,
12,
-10,
7,
-2,
8,
-18,
-6,
-23,
5,
-12,
8,
-9,
4,
-9,
-4,
-11,
1,
-1,
8,
1,
16,
-24,
24,
31,
5,
3,
-17,
9,
19,
2,
-19,
19,
9,
-15,
7,
3,
-2,
-4,
-18,
16,
17,
11,
-13,
9,
-5,
-23,
-12,
-13,
-17,
2,
-21,
-17,
8,
-20,
-4,
-41,
2,
0,
29,
-12,
-13,
22,
-18,
11,
-44,
-7,
9,
-29,
-21,
20,
-20,
-10,
10,
6,
22,
17,
25,
3,
-2,
-12,
21,
-3,
15,
-5,
32,
3,
-6,
7,
5,
26,
-6,
-10,
-4,
4,
25,
7,
3,
-16,
6,
0,
-2,
-11,
-9,
28,
6,
2,
-3,
-27,
-25,
-1,
0,
5,
15,
-16,
-19,
7,
15,
-1,
-7,
23,
8,
-10,
2,
15,
7,
11,
-14,
0,
4,
-10,
4,
16,
-2,
10,
14,
16,
4,
-3,
-4,
8,
19,
4,
-5,
-3,
3,
34,
-6,
-17,
-11,
-8,
-9,
8,
8,
-21,
24,
13,
5,
0,
16,
6,
5,
12,
26,
13,
-1,
-13,
-25,
-12,
-16,
-16,
25,
-2,
9,
-2,
-9,
14,
3,
3,
5,
-23,
7,
-32,
22,
0,
2,
2,
-21,
10,
-1,
17,
-15,
19,
6,
-20,
24,
-4,
-4,
1,
-17,
-3,
-8,
20,
2,
16,
6,
-19,
1,
10,
-5,
2,
-9,
-5,
15,
-15,
3,
3,
1,
5,
9,
-4,
0,
12,
-17,
5,
-34,
4,
5,
-21,
-22,
8,
-4,
18,
-4,
-1,
12,
-2,
15,
-7,
1,
-10,
8,
-11,
-16,
-1,
21,
2,
-11,
6,
3,
5,
0,
-14,
14,
-17,
8,
3,
8,
-7,
-2,
20,
-5,
-10,
16,
4,
34,
19,
-4,
4,
-20,
-15,
4,
0,
4,
-19,
-18,
19,
8,
20,
19,
-1,
11,
-21,
-1,
8,
27,
-4,
15,
15,
-4,
-10,
9,
30,
-2,
7,
0,
6,
-7,
-16,
-1,
12,
7,
5,
-25,
-2,
-29,
13,
11,
-7,
-19,
-14,
2,
-1,
23,
-24,
28,
-8,
-2,
16,
-24,
-14,
18,
20,
21,
6,
6,
14,
-33,
9,
9,
-12,
17,
-2,
-2,
-2,
1,
10,
17,
-1,
23,
17,
-7,
-14,
10,
-3,
14,
-10,
-10,
24,
-7,
-23,
-16,
26,
-28,
-19,
-2,
18,
19,
6,
-9,
9,
2,
13,
28,
15,
24,
26,
1,
17,
-11,
-8,
-3,
-25,
8,
22,
0,
41,
20,
4,
5,
25,
-2,
-9,
27,
-19,
0,
-7,
-18,
20,
-4,
11,
-5,
31,
0,
2,
-13,
14,
7,
-29,
6,
-8,
39,
13,
-21,
21,
24,
16,
8,
2,
-27,
-3,
-4,
-9,
8,
1,
16,
-22,
-2,
17,
-10,
12,
-18,
-3,
-19,
10,
-6,
7,
-5,
-18,
-10,
-9,
-13,
-26,
-14,
1,
-19,
-16,
3,
-10,
19,
3,
32,
-1,
8,
0,
-34,
10,
34,
2,
12,
8,
8,
-3,
21,
-32,
19,
25,
5,
1,
8,
12,
-1,
23,
-9,
-3,
16,
25,
2,
-39,
1,
11,
17,
-1,
0,
-11,
-9,
-2,
13,
-9,
-18,
-29,
-6,
4,
11,
14,
15,
-12,
-14,
3,
9,
7,
24,
-12,
9,
-14,
-23,
1,
26,
-3,
23,
27,
-12,
19,
21,
-12,
-6,
-5,
4,
-4,
-7,
0,
5,
12,
-23,
-30,
13,
16,
-40,
28,
-12,
12,
-32,
17,
-12,
23,
-19,
25,
1,
-23,
13,
-2,
25,
8,
-26,
-9,
10,
38,
17,
8,
-11,
-4,
0,
-25,
-21,
16,
24,
4,
-5,
17,
14,
-9,
-12,
31,
-5,
-14,
12,
23,
11,
-56,
7,
-15,
-9,
-13,
-11,
-12,
6,
19,
9,
-1,
15,
-5,
-16,
-23,
-23,
-16,
24,
40,
8,
-10,
-1,
12,
1,
35,
-24,
-5,
-3,
-13,
-5,
-3,
-14,
-20,
19,
-1,
-35,
3,
-11,
-6,
-2,
-13,
-2,
20,
22,
32,
22,
-4,
-4,
-9,
-2,
-19,
12,
24,
-1,
13,
16,
-30,
25,
8,
3,
11,
21,
19,
9,
6,
20,
-7,
14,
4,
-4,
-27,
-7,
17,
22,
-12,
-9,
-14,
9,
-8,
-6,
-12,
-11,
-16,
-6,
-2,
21,
4,
23,
0,
-3,
9,
-15,
-2,
8,
-6,
0,
-14,
-10,
1,
22,
-15,
3,
15,
3,
-2,
-3,
-5,
-19,
-5,
4,
9,
13,
-4,
6,
-10,
-1,
-29,
-10,
-1,
-22,
-3,
7,
4,
-13,
14,
-16,
19,
-5,
11,
5,
-23,
19,
-13,
11,
-7,
-3,
-14,
14,
15,
-13,
12,
-7,
5,
-6,
-10,
-20,
10,
15,
9,
4,
7,
7,
-4,
-11,
-7,
2,
-19,
12,
13,
-5,
-32,
2,
0,
4,
-18,
9,
-13,
-6,
11,
5,
-11,
10,
15,
-33,
-22,
4,
-19,
17,
27,
-3,
-1,
-11,
10,
0,
22,
-6,
1,
-1,
-11,
-27,
-12,
-18,
-7,
13,
-7,
-8,
-13,
-3,
14,
5,
-5,
4,
2,
2,
9,
-2,
-14,
-5,
-15,
-9,
-4,
-15,
10,
-4,
-14,
1,
-22,
-2,
-37,
1,
1,
0,
10,
-19,
20,
0,
18,
-7,
2,
7,
-21,
-8,
-4,
21,
-17,
-9,
-5,
5,
-2,
-2,
-8,
2,
-4,
1,
5,
10,
-4,
31,
16,
15,
-10,
-19,
7,
1,
-15,
7,
-7,
1,
4,
16,
-1,
-11,
1,
-11,
-4,
6,
-4,
-14,
-1,
9,
17,
-8,
12,
-2,
2,
17,
-11,
21,
16,
-12,
14,
1,
16,
12,
10,
3,
1,
0,
11,
1,
-6,
-12,
-13,
-4,
-22,
11,
-11,
14,
16,
-17,
11,
2,
6,
0,
-10,
0,
-4,
3,
0,
-12,
6,
16,
10,
-5,
10,
12,
-11,
-1,
10,
17,
-19,
9,
10,
20,
-17,
21,
1,
-8,
14,
2,
-8,
-4,
-17,
-9,
-14,
5,
6,
-4,
-7,
-9,
24,
-3,
-28,
-19,
7,
-2,
-8,
-10,
-5,
-18,
-4,
-25,
-13,
7,
1,
-15,
-10,
-9,
14,
20,
8,
-6,
10,
6,
-9,
20,
-4,
-10,
-1,
8,
-2,
1,
-1,
8,
3,
-2,
-22,
-3,
-33,
19,
9,
-2,
-3,
-10,
24,
-13,
-3,
18,
-8,
0,
-15,
0,
-14,
5,
-5,
2,
-8,
7,
-8,
-11,
-8,
-9,
-1,
-2,
5,
3,
-1,
24,
2,
1,
0,
3,
-5,
12,
-4,
8,
7,
-20,
-1,
11,
-3,
-8,
-4,
-10,
-15,
-7,
6,
3,
-6,
-2,
26,
5,
1,
-9,
-24,
20,
-13,
16,
-2,
-17,
10,
0,
2,
16,
-24,
7,
-15,
11,
11,
-11,
-12,
-11,
13,
5,
-9,
1,
-17,
6,
-4,
6,
5,
18,
4,
-10,
-16,
12,
-4,
-1,
-3,
1,
-1,
19,
11,
-2,
-1,
6,
0,
-17,
-3,
28,
-21,
1,
20,
9,
-34,
19,
-26,
-2,
27,
-4,
-19,
5,
-4,
5,
-3,
-4,
15,
18,
10,
-34,
-8,
-27,
-22,
-7,
-7,
-14,
-20,
-8,
8,
-8,
19,
-25,
-12,
23,
7,
-20,
-12,
-25,
12,
11,
-21,
-9,
16,
-6,
-23,
41,
28,
-19,
-24,
3,
2,
14,
15,
28,
-8,
1,
-29,
38,
2,
12,
10,
-9,
-10,
10,
34,
2,
-8,
-3,
0,
5,
4,
1,
-28,
24,
-12,
17,
1,
-3,
1,
-5,
-7,
11,
-4,
-22,
-8,
-1,
28,
22,
12,
7,
-1,
-12,
2,
9,
3,
34,
-2,
-4,
1,
19,
-13,
-12,
34,
9,
-9,
12,
2,
0,
3,
-1,
10,
41,
-13,
-18,
-16,
17,
-10,
-14,
5,
-32,
-5,
10,
22,
28,
-22,
-19,
-17,
23,
17,
-27,
-22,
2,
0,
-5,
31,
-16,
-19,
-9,
1,
-24,
8,
-12,
8,
1,
-7,
-10,
6,
11,
3,
-10,
14,
9,
20,
1,
-6,
-4,
19,
-42,
33,
37,
10,
4,
25,
32,
-10,
23,
-31,
5,
-4,
34,
-19,
18,
16,
5,
0,
-8,
11,
27,
2,
-24,
10,
-8,
-24,
-1,
3,
-27,
-1,
-13,
-22,
-9,
8,
-21,
5,
23,
-7,
15,
-17,
-3,
15,
4,
-6,
-16,
5,
-7,
-11,
10,
16,
-14,
13,
17,
-5,
17,
-7,
6,
7,
-3,
-17,
34,
9,
-7,
4,
-9,
9,
18,
31,
2,
-5,
13,
-2,
-1,
-12,
-12,
-10,
5,
-29,
11,
-20,
12,
7,
10,
-16,
18,
26,
8,
3,
-1,
15,
35,
-4,
-5,
4,
0,
-8,
20,
0,
-2,
-11,
-22,
17,
13,
1,
17,
11,
-2,
-9,
22,
-20,
-5,
-6,
-11,
22,
31,
-1,
-18,
3,
7,
-20,
6,
-7,
-20,
1,
5,
15,
-13,
4,
5,
-8,
27,
9,
20,
9,
-1,
-7,
-2,
41,
-12,
-28,
-12,
19,
11,
-5,
0,
15,
12,
2,
-7,
4,
-2,
20,
-9,
0,
9,
-12,
-10,
-6,
-7,
0,
-6,
-8,
34,
-17,
11,
-10,
7,
-30,
2,
-3,
2,
-12,
23,
-12,
28,
16,
-9,
-22,
6,
4,
11,
6,
10,
3,
3,
-3,
12,
-10,
-8,
-3,
22,
8,
-21,
5,
-17,
-28,
27,
16,
7,
-17,
-4,
-9,
14,
11,
23,
-27,
-4,
-19,
0,
20,
11,
22,
43,
7,
6,
-15,
0,
14,
-12,
-10,
4,
-4,
-15,
-19,
3,
7,
4,
50,
-2,
10,
-15,
11,
11,
-23,
-21,
-5,
5,
-18,
0,
-12,
5,
-21,
7,
-19,
-17,
7,
7,
13,
19,
10,
36,
21,
-18,
-6,
16,
7,
17,
-10,
6,
4,
-14,
3,
4,
9,
32,
11,
-11,
7,
13,
-25,
-4,
-18,
-9,
26,
-9,
-15,
7,
12,
-3,
5,
-6,
16,
-14,
11,
11,
23,
-18,
12,
29,
0,
7,
28,
22,
-10,
-14,
-15,
3,
-10,
6,
12,
8,
50,
41,
4,
-12,
18,
14,
4,
22,
-31,
3,
-6,
-31,
20,
14,
-11,
-1,
19,
9,
-11,
-4,
19,
19,
-24,
13,
-8,
34,
-6,
-15,
27,
18,
4,
13,
-8,
-13,
4,
-15,
6,
8,
20,
3,
-7,
3,
31,
4,
-3,
-15,
12,
-25,
-3,
-32,
3,
-14,
-11,
1,
-46,
10,
-23,
-11,
