# _QL_OP_TREE_REPLACE_DORY_ADDER_9.out_requant (shape [7, 7, 160]),
-10,
127,
-64,
-110,
12,
42,
97,
-12,
-78,
-39,
-128,
-35,
-3,
-15,
107,
-47,
-85,
-128,
17,
44,
13,
-21,
-32,
3,
23,
-128,
127,
-96,
-62,
-113,
111,
-128,
6,
0,
-71,
-4,
50,
16,
77,
103,
51,
-2,
22,
-128,
4,
-15,
-101,
-38,
107,
-13,
-96,
113,
-61,
18,
24,
-128,
119,
-67,
67,
127,
11,
-128,
-32,
-128,
-71,
-128,
-37,
-47,
64,
-11,
-1,
-81,
56,
-46,
16,
14,
21,
-26,
-38,
-47,
-25,
-42,
-14,
111,
-4,
-19,
-13,
44,
7,
65,
-105,
-37,
31,
6,
16,
36,
38,
-27,
-21,
66,
-43,
-4,
75,
93,
-128,
127,
-19,
-22,
-56,
-3,
-27,
97,
-29,
-13,
9,
-10,
-16,
-33,
69,
-18,
-71,
100,
-63,
84,
-11,
4,
8,
-9,
2,
-128,
-15,
22,
17,
-6,
-59,
46,
38,
22,
25,
3,
21,
55,
-91,
-103,
-46,
-101,
86,
13,
-72,
21,
-99,
33,
29,
-103,
127,
16,
49,
-113,
87,
57,
35,
29,
-13,
-17,
6,
-8,
15,
-12,
6,
-42,
-16,
-4,
19,
-19,
-20,
14,
-11,
14,
-16,
11,
2,
-16,
-25,
2,
-21,
4,
-11,
-11,
8,
-2,
7,
-39,
2,
-4,
-28,
-10,
-11,
-1,
36,
-14,
-8,
-3,
-17,
-51,
-11,
-24,
12,
5,
7,
-13,
-20,
-4,
11,
-13,
-11,
-5,
30,
4,
-13,
44,
-3,
17,
18,
-49,
5,
-5,
8,
-25,
6,
-2,
16,
-17,
10,
10,
41,
-14,
-11,
-15,
-32,
18,
-49,
-9,
-5,
12,
-24,
34,
-12,
1,
22,
20,
29,
5,
-7,
16,
30,
-22,
11,
2,
-22,
14,
4,
35,
6,
40,
-20,
17,
-10,
24,
10,
-24,
12,
0,
16,
-21,
2,
-16,
5,
16,
17,
-27,
-24,
-13,
12,
-10,
-1,
0,
15,
-22,
-9,
-8,
31,
-11,
-2,
4,
22,
-16,
38,
5,
-13,
9,
23,
29,
-4,
5,
-28,
-27,
-21,
4,
-15,
8,
-4,
-27,
-17,
-26,
33,
19,
2,
-9,
17,
-5,
43,
-28,
6,
3,
16,
-7,
3,
-26,
-4,
1,
2,
-6,
4,
-17,
-21,
13,
-11,
25,
-14,
30,
-6,
-19,
22,
10,
-33,
-16,
-14,
-5,
11,
26,
-36,
20,
-14,
7,
33,
18,
3,
3,
19,
-20,
4,
-3,
-9,
-44,
2,
3,
-16,
18,
-21,
4,
-4,
-25,
18,
-1,
10,
-10,
29,
-26,
23,
35,
-13,
24,
29,
-17,
-7,
3,
9,
5,
-8,
30,
9,
-20,
-12,
-23,
19,
-22,
-11,
-1,
12,
-24,
-30,
-18,
5,
-15,
-4,
-9,
-7,
-32,
-19,
15,
25,
21,
-2,
14,
10,
-32,
57,
11,
-10,
3,
-3,
44,
-1,
14,
-15,
38,
21,
-20,
3,
-27,
-4,
-33,
1,
-11,
-16,
-14,
4,
11,
19,
-29,
-53,
7,
3,
13,
-2,
4,
14,
5,
29,
-15,
-2,
21,
8,
4,
9,
-9,
39,
-3,
-8,
-17,
-4,
29,
36,
4,
-29,
-6,
-7,
24,
9,
7,
13,
0,
-23,
-17,
13,
16,
9,
-23,
-12,
-23,
41,
-14,
-3,
12,
4,
-4,
9,
-18,
-4,
-4,
5,
-19,
25,
-18,
-13,
5,
-21,
17,
-14,
30,
29,
-15,
1,
3,
-14,
-28,
4,
-4,
-1,
8,
-28,
10,
-4,
13,
21,
31,
-4,
-19,
10,
-22,
0,
7,
-22,
-30,
13,
22,
-14,
13,
-29,
5,
-11,
-31,
4,
-2,
-12,
-2,
24,
-14,
3,
42,
-29,
22,
29,
-22,
-13,
13,
1,
-1,
-20,
12,
-4,
-12,
-22,
-15,
23,
-33,
-9,
13,
4,
-3,
-29,
-19,
0,
4,
12,
-22,
-1,
-27,
-12,
40,
14,
25,
-7,
5,
29,
-8,
63,
0,
-15,
-17,
8,
43,
-12,
5,
-4,
40,
18,
-4,
-18,
-24,
2,
-25,
-13,
-20,
-1,
-20,
-9,
-4,
25,
-39,
-45,
16,
12,
12,
13,
12,
13,
1,
16,
-13,
-3,
9,
31,
0,
12,
-2,
38,
-7,
-1,
-2,
13,
35,
23,
21,
-29,
-13,
-8,
12,
11,
5,
4,
29,
-22,
-6,
21,
-6,
18,
-3,
-17,
-23,
17,
13,
-12,
24,
-6,
-14,
16,
-13,
-12,
3,
-3,
-21,
14,
-4,
-17,
9,
-14,
36,
-16,
30,
48,
-5,
-10,
-4,
-18,
-16,
29,
-8,
6,
2,
-8,
-7,
-16,
11,
-8,
21,
-2,
-34,
13,
-13,
-12,
-10,
-25,
-14,
-11,
8,
9,
10,
-18,
9,
-10,
-22,
-4,
-8,
-23,
0,
10,
21,
5,
44,
-15,
29,
-3,
-31,
3,
16,
-15,
-5,
-15,
-2,
7,
-1,
-5,
-13,
26,
-28,
3,
6,
-27,
12,
-27,
0,
-4,
-2,
20,
-18,
-3,
-13,
2,
31,
0,
3,
7,
-5,
24,
13,
37,
-1,
7,
-35,
-7,
20,
-33,
-16,
-7,
21,
-11,
1,
-37,
-1,
7,
-6,
-12,
-40,
12,
-14,
10,
-11,
31,
-32,
-10,
-4,
-18,
-6,
-7,
10,
-4,
-24,
4,
-24,
11,
-6,
28,
-13,
27,
4,
22,
1,
-8,
10,
21,
23,
-3,
39,
-25,
-17,
-44,
15,
14,
12,
-1,
10,
-4,
12,
17,
-23,
32,
11,
-6,
-28,
-14,
7,
5,
-8,
-13,
23,
33,
6,
-5,
4,
-19,
-1,
-10,
-8,
12,
17,
5,
26,
-33,
20,
21,
7,
-23,
-2,
-32,
-2,
19,
11,
6,
-12,
19,
-27,
-21,
28,
-4,
10,
-29,
15,
-1,
-12,
-13,
-10,
-1,
-1,
-14,
-29,
21,
-10,
-28,
-30,
-21,
-29,
-7,
16,
-13,
17,
29,
29,
26,
19,
-8,
-20,
4,
-29,
9,
7,
18,
-13,
8,
-7,
4,
-4,
-5,
7,
9,
7,
3,
3,
-51,
18,
2,
-3,
-14,
-27,
15,
-23,
16,
4,
16,
36,
13,
21,
19,
12,
19,
0,
23,
2,
-21,
-12,
8,
3,
-11,
15,
-22,
45,
-9,
4,
-11,
-7,
-8,
37,
-10,
-18,
-8,
-11,
-13,
-13,
1,
20,
-6,
-15,
2,
3,
11,
-4,
-12,
-16,
4,
-28,
45,
-9,
8,
-17,
32,
4,
-16,
15,
-5,
-3,
16,
7,
0,
4,
0,
-10,
-38,
-1,
-2,
14,
-4,
-10,
4,
-22,
40,
-25,
19,
-11,
0,
17,
-19,
74,
-19,
-91,
5,
55,
73,
0,
-21,
-4,
-112,
-27,
9,
-11,
78,
-45,
-37,
-71,
-21,
21,
-14,
-22,
-21,
2,
-12,
-54,
114,
-27,
-23,
-74,
83,
-97,
-8,
29,
-26,
13,
26,
19,
29,
36,
38,
-33,
17,
-59,
-18,
-21,
-67,
-1,
40,
-8,
-58,
47,
-37,
21,
-4,
-85,
66,
-7,
36,
71,
15,
-88,
-23,
-117,
-43,
-61,
-15,
-22,
64,
4,
-2,
-26,
38,
6,
38,
7,
-15,
-6,
-52,
-32,
5,
-52,
-39,
42,
22,
-37,
31,
24,
0,
47,
-43,
-28,
7,
-4,
26,
4,
63,
-13,
-41,
29,
19,
-2,
24,
60,
-96,
96,
27,
1,
-54,
-13,
-8,
63,
-26,
-10,
-13,
-37,
-31,
-15,
14,
-23,
-63,
11,
-35,
73,
3,
8,
-16,
11,
22,
-101,
4,
33,
9,
15,
-23,
16,
8,
15,
27,
-11,
-13,
46,
-53,
-54,
-18,
-71,
73,
7,
-45,
25,
-38,
-7,
19,
-111,
119,
-25,
29,
-79,
42,
67,
-6,
41,
5,
-1,
22,
5,
16,
-13,
15,
-30,
-23,
21,
-24,
-11,
8,
14,
7,
2,
-3,
-4,
30,
15,
-41,
17,
-1,
-2,
10,
-21,
-6,
-42,
37,
-28,
28,
-12,
-44,
-26,
-4,
-18,
14,
14,
-27,
9,
1,
-38,
1,
-9,
-3,
-15,
1,
-24,
-26,
11,
12,
-25,
-13,
4,
13,
21,
15,
19,
6,
2,
-4,
-34,
7,
-5,
-2,
-21,
23,
-19,
-4,
-41,
39,
3,
21,
-27,
-1,
-5,
-8,
22,
-19,
-3,
-15,
-4,
-6,
32,
-24,
-1,
15,
4,
-2,
17,
-17,
-1,
31,
-11,
8,
28,
-23,
13,
24,
19,
2,
16,
-23,
24,
4,
4,
-16,
-32,
4,
18,
32,
-9,
-18,
13,
-1,
9,
35,
-15,
26,
7,
36,
-34,
2,
-13,
4,
-4,
-5,
-21,
33,
-16,
4,
3,
31,
-1,
10,
30,
4,
6,
12,
6,
-3,
-11,
-7,
-24,
-35,
6,
-3,
-1,
-22,
7,
17,
-33,
18,
21,
13,
4,
5,
-14,
21,
24,
-6,
10,
17,
-16,
1,
-16,
-7,
-8,
10,
4,
-10,
-12,
-21,
-8,
-16,
18,
-12,
5,
16,
4,
10,
9,
-9,
-20,
12,
10,
5,
-5,
-7,
-4,
13,
-9,
-10,
3,
-13,
-34,
8,
-5,
-8,
4,
-15,
-14,
6,
-5,
14,
8,
-11,
-2,
-21,
-9,
9,
6,
7,
-5,
25,
7,
2,
7,
12,
-2,
11,
-35,
-6,
8,
0,
6,
-11,
26,
13,
-23,
18,
-3,
25,
-7,
34,
-10,
8,
4,
-10,
-8,
-7,
1,
5,
12,
-7,
-9,
9,
9,
1,
21,
-4,
7,
6,
6,
13,
-3,
-3,
4,
11,
20,
-21,
-11,
-3,
19,
-13,
1,
22,
2,
9,
-16,
19,
-20,
-10,
-7,
2,
13,
7,
-38,
9,
10,
-7,
-5,
-11,
-4,
15,
-12,
6,
-13,
7,
-21,
8,
11,
15,
-1,
37,
5,
-9,
-4,
-4,
12,
-2,
2,
-20,
-24,
-37,
4,
11,
9,
-4,
6,
-6,
-4,
0,
22,
1,
2,
-4,
-18,
43,
13,
-18,
-23,
32,
21,
-18,
-29,
-12,
-6,
-12,
-18,
0,
-42,
-22,
-21,
4,
-6,
17,
-1,
1,
-8,
42,
-4,
17,
-36,
29,
-8,
-10,
-7,
-4,
32,
0,
32,
-17,
57,
7,
23,
19,
-20,
10,
-19,
-23,
-49,
-17,
13,
-26,
22,
-17,
36,
1,
10,
-14,
38,
-7,
-59,
62,
-52,
25,
9,
-25,
-4,
35,
-15,
-19,
16,
-4,
-7,
22,
39,
57,
-32,
-6,
-20,
24,
-43,
18,
-27,
21,
-21,
-34,
3,
9,
-11,
4,
-11,
18,
-15,
4,
16,
-15,
21,
-6,
6,
-2,
-20,
43,
-4,
0,
-30,
-18,
7,
-12,
16,
-31,
29,
24,
-9,
31,
-20,
-7,
-29,
0,
-13,
-43,
-24,
-14,
13,
8,
-21,
-20,
35,
-9,
48,
-4,
1,
26,
28,
18,
-27,
-15,
-11,
27,
8,
28,
-7,
38,
32,
-13,
-46,
-18,
3,
28,
-38,
-26,
-33,
-1,
48,
-9,
4,
4,
5,
4,
-10,
18,
4,
8,
-12,
5,
3,
25,
21,
-11,
-19,
27,
10,
-13,
-37,
-4,
4,
5,
-21,
10,
-22,
-9,
-9,
-4,
-6,
2,
1,
21,
-4,
24,
18,
14,
-40,
22,
0,
-3,
2,
-3,
19,
13,
18,
-7,
36,
3,
2,
8,
-19,
0,
-3,
-21,
-21,
-1,
9,
-19,
8,
-27,
18,
-14,
-2,
-8,
26,
-13,
-42,
44,
-22,
18,
9,
-16,
3,
24,
-24,
-12,
21,
6,
-4,
4,
28,
41,
-30,
-12,
-9,
27,
-36,
23,
-1,
13,
-17,
-16,
-5,
4,
-13,
5,
6,
18,
-14,
9,
10,
-5,
24,
-9,
6,
-1,
0,
37,
-4,
-19,
-17,
-4,
0,
-9,
-2,
-17,
21,
19,
16,
27,
-15,
1,
-35,
0,
-16,
-11,
-24,
-18,
14,
5,
-22,
-27,
26,
-5,
43,
4,
-3,
25,
5,
-4,
-22,
-13,
-17,
31,
3,
18,
-20,
49,
9,
-12,
-41,
-6,
4,
21,
-37,
-21,
-26,
-13,
27,
-11,
0,
1,
27,
-14,
-11,
-6,
-7,
1,
3,
-4,
8,
5,
18,
9,
21,
10,
1,
13,
-29,
8,
-8,
17,
-14,
20,
-3,
2,
0,
-19,
20,
-5,
7,
32,
8,
1,
13,
5,
-14,
18,
-9,
1,
-2,
-4,
14,
12,
-8,
-2,
10,
-6,
-36,
2,
4,
-9,
-7,
-4,
-9,
6,
11,
13,
3,
-13,
-4,
-13,
-11,
-3,
7,
-13,
0,
22,
16,
13,
13,
-14,
11,
-4,
-21,
-4,
15,
-11,
4,
-3,
2,
14,
-2,
4,
-16,
28,
-13,
8,
-12,
-17,
-8,
-21,
-2,
0,
-26,
2,
-5,
-13,
-10,
1,
21,
-3,
3,
2,
-6,
13,
11,
26,
-4,
-3,
0,
-12,
4,
-20,
-21,
4,
6,
-3,
9,
4,
-4,
4,
-7,
0,
-13,
1,
-12,
3,
-3,
22,
-6,
-4,
5,
-7,
8,
-9,
-2,
13,
-14,
-3,
-23,
-3,
9,
33,
-10,
18,
-10,
31,
-17,
-6,
-9,
6,
11,
15,
19,
-7,
-11,
-25,
4,
8,
10,
-9,
27,
-18,
13,
-19,
-13,
24,
13,
-9,
-21,
0,
13,
-3,
23,
17,
6,
23,
-4,
-9,
-8,
10,
4,
-16,
0,
1,
7,
13,
42,
-3,
10,
22,
4,
12,
-7,
4,
-3,
21,
-3,
4,
-6,
3,
1,
11,
13,
8,
14,
-1,
-14,
-6,
4,
-20,
-14,
15,
13,
-25,
-18,
28,
12,
-15,
-3,
-22,
-19,
8,
21,
-21,
1,
11,
29,
23,
4,
-14,
-6,
0,
-14,
10,
13,
-17,
-8,
13,
-7,
11,
-5,
1,
-12,
-2,
0,
-10,
5,
-38,
7,
-7,
18,
-3,
-29,
27,
-26,
14,
-18,
1,
34,
10,
18,
5,
-1,
7,
5,
37,
9,
4,
-17,
-22,
-2,
-4,
0,
-13,
8,
-15,
-4,
-21,
-13,
-7,
18,
-10,
-15,
3,
-9,
-2,
-2,
7,
11,
29,
-9,
-20,
2,
-12,
-9,
-4,
-28,
4,
-19,
25,
15,
20,
-8,
30,
-8,
6,
-5,
-4,
-9,
9,
2,
16,
31,
7,
-6,
-35,
4,
15,
2,
-12,
19,
-9,
-12,
-1,
-21,
42,
-9,
-12,
-9,
13,
21,
-4,
21,
-6,
-11,
29,
-5,
-5,
3,
-9,
-2,
-6,
4,
-2,
-3,
9,
45,
-7,
8,
30,
14,
-2,
15,
3,
5,
26,
11,
2,
-6,
32,
-22,
0,
12,
16,
-8,
6,
-2,
-6,
14,
-21,
1,
11,
7,
-5,
-7,
26,
13,
-23,
2,
-21,
18,
3,
8,
-21,
-13,
14,
11,
30,
-2,
-21,
-12,
-13,
-18,
-9,
3,
-24,
13,
14,
6,
-9,
-16,
-14,
5,
33,
18,
-14,
4,
-20,
2,
20,
2,
-21,
-19,
27,
-13,
-14,
-29,
-3,
10,
13,
21,
14,
-6,
11,
3,
29,
-10,
-39,
-7,
14,
18,
-13,
-12,
-28,
13,
-6,
-6,
-16,
0,
11,
32,
4,
-4,
-7,
8,
-4,
-1,
11,
5,
24,
-5,
-9,
26,
-5,
-5,
-13,
3,
13,
-18,
26,
-5,
13,
3,
34,
7,
-13,
5,
7,
-2,
-4,
-14,
6,
13,
-11,
-2,
-25,
-3,
17,
26,
13,
20,
10,
-11,
8,
-21,
12,
-11,
-2,
-11,
-9,
22,
8,
15,
12,
-4,
29,
-12,
4,
-19,
-6,
14,
-9,
24,
-6,
15,
7,
17,
-5,
1,
9,
12,
-6,
-14,
3,
-13,
1,
-6,
4,
-6,
-1,
-4,
15,
-8,
-14,
-22,
2,
-32,
7,
0,
-29,
5,
9,
3,
23,
-4,
16,
3,
-4,
1,
4,
-8,
9,
-18,
-1,
6,
6,
19,
21,
4,
12,
4,
3,
-21,
-7,
3,
-17,
0,
-11,
4,
-4,
-21,
24,
0,
7,
-9,
13,
-10,
3,
6,
-13,
10,
4,
-19,
3,
0,
4,
-15,
5,
-1,
-4,
-2,
-23,
3,
26,
-5,
4,
1,
6,
-12,
3,
17,
-11,
-26,
-17,
12,
-16,
-13,
-7,
-13,
0,
1,
21,
-17,
-21,
-12,
-3,
-6,
23,
-5,
13,
20,
13,
-12,
-19,
-13,
-6,
-8,
11,
-2,
9,
-1,
-7,
-6,
21,
2,
13,
4,
8,
-4,
5,
4,
14,
12,
14,
-13,
-21,
-9,
14,
6,
-8,
20,
5,
-7,
-9,
12,
6,
5,
-13,
-22,
8,
7,
5,
9,
15,
-26,
5,
-15,
-6,
-13,
11,
13,
3,
4,
-16,
-4,
1,
14,
-4,
14,
8,
1,
10,
-5,
-2,
-11,
-6,
21,
1,
-15,
-9,
11,
16,
2,
-3,
-4,
-4,
2,
7,
-9,
-25,
13,
-2,
17,
13,
-3,
19,
19,
-1,
8,
-6,
-18,
1,
-18,
-11,
11,
1,
-2,
-16,
-16,
4,
3,
-2,
-12,
-4,
16,
-7,
8,
-4,
21,
-4,
4,
2,
11,
-1,
-4,
10,
-4,
18,
-21,
3,
7,
-3,
1,
5,
-26,
-10,
1,
4,
-18,
4,
7,
-8,
2,
-2,
9,
6,
1,
2,
14,
-1,
14,
-21,
-33,
9,
-8,
-7,
-2,
-1,
-22,
9,
-11,
14,
-2,
-12,
-10,
13,
-17,
-3,
10,
28,
28,
8,
-4,
-10,
-24,
10,
5,
13,
12,
-15,
21,
2,
9,
12,
8,
12,
-2,
14,
-13,
-1,
8,
9,
-4,
-7,
9,
-29,
3,
13,
1,
6,
-4,
15,
13,
-9,
11,
2,
6,
5,
-11,
8,
19,
-4,
-21,
-5,
-10,
1,
-15,
-13,
-4,
10,
-9,
10,
-9,
-13,
-21,
9,
13,
14,
4,
0,
4,
23,
-14,
38,
-23,
12,
13,
4,
-24,
-12,
5,
16,
10,
-4,
7,
8,
32,
17,
-2,
-1,
20,
8,
7,
21,
2,
5,
7,
-6,
19,
-9,
6,
-31,
-21,
4,
-4,
19,
-28,
-8,
-30,
-4,
-11,
-4,
-4,
6,
17,
6,
6,
0,
27,
18,
2,
-15,
8,
-14,
-21,
26,
0,
14,
-28,
23,
-12,
-19,
-1,
16,
-6,
4,
-10,
32,
-8,
3,
13,
-6,
-18,
-10,
11,
21,
-15,
-1,
4,
5,
11,
-19,
-29,
25,
-18,
5,
20,
13,
-34,
13,
-16,
8,
-8,
-9,
-7,
-11,
0,
-9,
14,
7,
29,
1,
15,
2,
-31,
-6,
18,
-11,
9,
-27,
8,
20,
0,
1,
4,
2,
-7,
-2,
-32,
-18,
-4,
5,
-37,
-23,
-3,
-13,
22,
2,
-15,
10,
2,
27,
-11,
6,
4,
-5,
29,
19,
-3,
4,
8,
1,
-26,
-35,
-8,
7,
-33,
-15,
-12,
34,
-11,
19,
-10,
-22,
-10,
8,
9,
6,
3,
14,
-12,
11,
0,
11,
-8,
1,
14,
19,
-1,
-18,
-7,
7,
-2,
11,
-17,
8,
27,
10,
10,
2,
15,
-3,
16,
20,
4,
14,
16,
-4,
-1,
2,
2,
-15,
-24,
-2,
-1,
17,
-19,
-11,
-21,
-15,
8,
-4,
5,
3,
21,
21,
-2,
-8,
29,
12,
25,
-2,
8,
-7,
-13,
5,
4,
11,
-30,
25,
-13,
-33,
6,
-5,
-27,
2,
-9,
22,
12,
7,
-3,
20,
-28,
3,
16,
14,
-5,
-13,
11,
4,
9,
-27,
-38,
9,
-23,
6,
10,
8,
-10,
5,
-28,
5,
-13,
-4,
-12,
0,
-14,
-4,
20,
2,
21,
14,
10,
-5,
-24,
4,
-6,
-21,
15,
-29,
24,
24,
9,
-3,
1,
-2,
-5,
-7,
-36,
1,
-12,
12,
-23,
-13,
4,
-20,
11,
13,
-25,
9,
-6,
31,
-19,
-12,
-3,
4,
27,
20,
-16,
6,
5,
5,
-4,
-28,
-15,
6,
-19,
-3,
-7,
36,
-13,
18,
3,
-16,
2,
-4,
17,
8,
6,
17,
0,
-13,
-6,
-19,
-5,
-7,
8,
4,
22,
-16,
3,
3,
-16,
18,
-13,
-4,
10,
-5,
13,
4,
4,
-6,
21,
8,
-8,
22,
7,
-6,
-16,
-9,
3,
-2,
-18,
-17,
21,
-1,
9,
-17,
-13,
-14,
8,
1,
16,
-11,
25,
17,
11,
0,
3,
3,
15,
9,
-4,
13,
0,
-7,
15,
-12,
-20,
8,
0,
-15,
-11,
-20,
-21,
0,
1,
4,
12,
13,
-6,
29,
-19,
14,
2,
15,
-4,
-21,
10,
-13,
5,
-23,
-21,
7,
-24,
7,
9,
1,
-4,
10,
-22,
-8,
-4,
3,
4,
4,
-34,
-10,
16,
11,
13,
19,
-3,
-6,
-7,
4,
-10,
-4,
21,
-18,
30,
21,
8,
-3,
7,
-13,
-8,
-6,
-26,
7,
-2,
24,
2,
-2,
14,
-22,
3,
8,
0,
3,
-3,
5,
-7,
-22,
-8,
-4,
26,
10,
-10,
15,
23,
-3,
11,
13,
6,
15,
9,
-2,
-12,
13,
-6,
2,
-2,
-21,
-3,
-10,
13,
13,
11,
16,
-4,
-4,
2,
-8,
-10,
3,
-10,
-2,
8,
-14,
12,
-2,
-13,
1,
14,
-7,
-9,
6,
4,
-16,
0,
-5,
14,
-4,
-7,
15,
8,
-2,
-4,
-3,
0,
-6,
-19,
-12,
17,
4,
8,
9,
-12,
-14,
-4,
13,
-3,
0,
19,
-13,
7,
2,
-7,
-8,
-6,
6,
-8,
9,
-15,
-4,
3,
-13,
4,
6,
-1,
-2,
-20,
16,
-10,
-13,
-13,
-4,
13,
-2,
6,
1,
-4,
19,
-9,
14,
-4,
-18,
-2,
-8,
18,
-1,
-21,
5,
-12,
2,
3,
-13,
-3,
2,
1,
0,
-12,
-3,
-2,
-6,
-30,
-4,
9,
24,
6,
0,
-9,
-21,
13,
7,
-16,
-4,
8,
7,
21,
7,
-5,
4,
4,
1,
-8,
-13,
-16,
14,
-3,
17,
23,
13,
-11,
-18,
17,
9,
14,
-7,
13,
4,
-6,
-15,
-5,
22,
11,
6,
-11,
20,
21,
-7,
20,
0,
5,
16,
-6,
-6,
-6,
9,
-2,
-5,
7,
-12,
3,
-8,
36,
7,
4,
15,
9,
-2,
9,
5,
-7,
26,
-16,
5,
-2,
7,
-22,
12,
-5,
6,
4,
10,
-19,
10,
12,
-23,
-4,
-6,
5,
-5,
-13,
6,
7,
-8,
-4,
-12,
12,
-6,
-11,
-16,
1,
4,
4,
6,
7,
-8,
-2,
-6,
-18,
-8,
-2,
-26,
8,
-9,
5,
-2,
-11,
4,
-5,
33,
-8,
-7,
0,
-4,
-5,
8,
-5,
-18,
-22,
10,
-23,
-13,
-25,
-8,
1,
1,
13,
-14,
3,
25,
3,
5,
-4,
-21,
9,
2,
31,
-7,
-28,
-10,
8,
-18,
-2,
-15,
-2,
9,
15,
10,
-18,
-4,
-2,
-17,
-3,
0,
-8,
29,
13,
2,
1,
-17,
16,
7,
4,
5,
-2,
17,
-9,
4,
-8,
24,
12,
-9,
11,
3,
-13,
17,
-9,
12,
24,
-4,
-15,
-21,
-3,
12,
27,
2,
25,
20,
1,
1,
4,
16,
6,
-13,
-8,
-5,
0,
6,
-4,
7,
4,
14,
-10,
-2,
-12,
-5,
11,
-4,
-4,
-6,
13,
-5,
8,
-3,
14,
-4,
1,
-12,
4,
0,
-14,
-14,
-4,
0,
7,
-6,
-18,
1,
-3,
19,
-7,
-2,
2,
13,
-4,
-12,
-9,
21,
23,
14,
-1,
15,
21,
-24,
-4,
11,
-1,
5,
0,
10,
6,
3,
14,
13,
-5,
-10,
-5,
-8,
-4,
1,
5,
-4,
19,
-5,
18,
2,
-15,
4,
4,
17,
2,
-7,
0,
1,
7,
-18,
5,
-13,
-14,
-12,
-7,
1,
-14,
5,
8,
-20,
-4,
-4,
-4,
2,
-10,
4,
-8,
-7,
11,
-7,
19,
-10,
-16,
-14,
-8,
-28,
-12,
-7,
-1,
4,
-6,
13,
-6,
-15,
-15,
8,
-23,
6,
4,
16,
4,
10,
-5,
-3,
-19,
3,
16,
4,
13,
7,
12,
-11,
-14,
7,
5,
9,
4,
5,
1,
-8,
0,
21,
2,
28,
13,
-5,
17,
15,
10,
2,
12,
7,
-3,
-8,
-10,
2,
14,
-9,
-16,
10,
-5,
13,
-21,
7,
-35,
1,
-6,
-4,
-13,
27,
-7,
30,
-21,
-35,
5,
-1,
-9,
3,
39,
3,
-21,
-33,
-2,
-13,
5,
-20,
2,
27,
35,
-14,
6,
-14,
-15,
6,
-22,
-1,
29,
13,
-26,
-4,
16,
3,
28,
21,
-3,
42,
5,
-17,
-10,
8,
-5,
6,
7,
8,
17,
-21,
11,
-10,
-4,
-31,
17,
-3,
16,
11,
25,
46,
19,
20,
19,
-31,
20,
-13,
13,
2,
1,
-23,
0,
-3,
-6,
10,
32,
13,
-7,
-11,
-15,
-21,
2,
19,
2,
-20,
14,
20,
0,
-24,
-5,
-3,
-2,
-17,
-19,
-1,
13,
-21,
1,
13,
-30,
-14,
5,
-24,
-5,
11,
-23,
1,
12,
-16,
-3,
28,
-28,
4,
24,
4,
-6,
0,
-5,
-19,
-20,
-7,
16,
9,
38,
-11,
35,
3,
12,
-2,
18,
-14,
1,
-21,
-15,
22,
-4,
11,
15,
0,
14,
-12,
21,
5,
13,
8,
-28,
-4,
10,
7,
-7,
13,
12,
0,
-10,
3,
-23,
9,
-21,
-46,
-29,
11,
4,
4,
-13,
40,
-20,
39,
-13,
-58,
10,
6,
13,
-14,
51,
11,
-5,
-8,
-21,
12,
-1,
-14,
14,
29,
30,
-25,
-12,
-21,
-8,
24,
-38,
10,
32,
2,
-17,
-4,
13,
-2,
11,
14,
-27,
45,
27,
-21,
-29,
0,
-21,
6,
-19,
-4,
14,
-26,
13,
-28,
-14,
-37,
36,
-9,
38,
33,
18,
60,
4,
18,
23,
-18,
26,
-13,
33,
-20,
2,
-33,
4,
-1,
-32,
20,
14,
-5,
-2,
-24,
-20,
-13,
-8,
31,
8,
11,
4,
26,
-27,
-31,
-4,
-3,
19,
-18,
9,
7,
1,
-30,
-6,
-1,
-28,
-9,
14,
-19,
-5,
2,
-45,
-7,
-7,
-37,
-13,
26,
-33,
7,
33,
29,
-6,
13,
-15,
-7,
-20,
-42,
0,
-13,
36,
-14,
39,
19,
8,
-9,
22,
-29,
-1,
-7,
-3,
29,
-15,
5,
11,
3,
28,
-25,
-17,
12,
5,
2,
-10,
17,
8,
7,
5,
4,
29,
6,
-29,
-13,
-28,
-13,
-24,
-63,
-11,
15,
-8,
-19,
-20,
38,
-28,
29,
-7,
-34,
5,
12,
21,
-29,
46,
-8,
-13,
-14,
-30,
22,
-4,
-15,
4,
13,
27,
-29,
-6,
-23,
-4,
28,
-40,
23,
57,
-3,
0,
-4,
3,
-10,
14,
25,
-21,
53,
37,
-34,
-24,
6,
-12,
22,
-32,
-1,
12,
-17,
20,
-36,
-13,
-24,
28,
-15,
33,
13,
1,
29,
10,
14,
18,
4,
12,
-4,
30,
-2,
4,
-35,
18,
4,
-30,
14,
4,
-1,
14,
-38,
-9,
-17,
-19,
24,
-3,
31,
-4,
26,
-15,
-11,
-12,
1,
23,
-14,
19,
3,
4,
-27,
8,
-11,
-27,
-16,
5,
-16,
-11,
-21,
-51,
-11,
-2,
-30,
-26,
9,
-27,
4,
21,
9,
1,
21,
-22,
-1,
-18,
-21,
-4,
-12,
34,
-12,
38,
29,
-15,
-13,
12,
-25,
-5,
-14,
-8,
16,
-21,
27,
13,
-13,
19,
-22,
-11,
9,
6,
4,
-4,
11,
-1,
-1,
-2,
-5,
29,
-4,
-24,
3,
-15,
5,
-13,
-46,
-27,
6,
-21,
-21,
-14,
29,
-21,
28,
-24,
-24,
-13,
13,
6,
2,
19,
-13,
-4,
-18,
-16,
9,
-2,
-13,
-2,
14,
27,
-46,
5,
-29,
-12,
4,
-21,
13,
41,
-4,
1,
-8,
16,
-4,
21,
29,
-6,
29,
26,
-29,
-13,
-21,
-6,
-2,
-29,
-13,
19,
-6,
17,
-19,
-21,
-29,
3,
-6,
34,
1,
10,
32,
7,
15,
8,
10,
7,
-7,
5,
5,
1,
-29,
27,
-8,
-4,
21,
6,
-15,
-13,
-36,
-4,
-10,
-3,
0,
-4,
21,
-5,
15,
-21,
-2,
-6,
7,
16,
-21,
7,
-18,
14,
-20,
9,
-6,
-27,
-5,
0,
-6,
-9,
-4,
-38,
-8,
-3,
-13,
-32,
-3,
-20,
-16,
8,
15,
17,
21,
-14,
4,
4,
4,
6,
-6,
40,
3,
21,
29,
-9,
-9,
7,
-15,
-12,
-17,
2,
5,
-21,
28,
9,
-17,
4,
-11,
8,
15,
19,
20,
1,
5,
-12,
-15,
-5,
-14,
24,
12,
-18,
4,
9,
5,
-15,
-29,
-17,
3,
-12,
-26,
-21,
26,
-14,
17,
-13,
-31,
-6,
-15,
12,
14,
35,
-6,
23,
-20,
-4,
-2,
7,
11,
-20,
21,
31,
-46,
0,
-11,
-17,
-4,
-8,
3,
12,
11,
-6,
-34,
1,
7,
13,
11,
-4,
8,
-3,
-4,
1,
-4,
-7,
0,
-20,
-17,
20,
8,
21,
7,
-4,
-7,
-2,
4,
17,
6,
14,
4,
18,
21,
18,
-6,
4,
-12,
19,
-4,
-4,
-14,
24,
11,
1,
16,
-8,
-14,
-29,
-14,
-5,
-13,
4,
4,
1,
-17,
3,
10,
-16,
-2,
-12,
-4,
9,
-41,
-5,
3,
19,
-20,
-1,
0,
-29,
-10,
5,
-5,
-6,
25,
-29,
-3,
-2,
-11,
-2,
-8,
-34,
7,
-4,
40,
-4,
11,
-22,
-3,
23,
8,
4,
-3,
21,
12,
18,
26,
2,
-13,
-1,
-22,
0,
-21,
3,
13,
-21,
18,
22,
-18,
-20,
-4,
-7,
16,
12,
13,
5,
4,
4,
-10,
-3,
-6,
29,
20,
-13,
9,
19,
-10,
10,
5,
-3,
12,
-5,
-7,
-10,
-5,
-2,
-19,
7,
-11,
7,
-1,
20,
13,
9,
7,
7,
-11,
-10,
0,
4,
1,
-8,
9,
6,
3,
-5,
16,
-11,
-3,
-13,
-4,
-18,
4,
2,
-13,
-11,
5,
16,
-6,
-7,
6,
-4,
-1,
6,
-4,
-4,
4,
0,
-6,
-7,
4,
4,
18,
11,
-4,
-15,
3,
-7,
1,
0,
-15,
13,
-12,
17,
11,
-5,
11,
-1,
10,
-9,
1,
2,
-13,
-5,
3,
-1,
-13,
-27,
11,
1,
-2,
-12,
5,
4,
6,
-10,
-5,
-5,
19,
-7,
-6,
8,
-16,
13,
2,
21,
-2,
-29,
-4,
11,
-4,
-4,
3,
-2,
10,
5,
2,
-21,
-10,
0,
-3,
2,
-1,
1,
30,
21,
11,
-7,
-13,
4,
11,
-4,
3,
-8,
25,
-3,
-9,
-5,
21,
5,
-4,
4,
9,
-17,
13,
-5,
21,
11,
13,
-14,
-15,
3,
7,
23,
-5,
17,
5,
-2,
4,
11,
8,
9,
1,
-4,
6,
-5,
7,
1,
11,
12,
11,
-4,
3,
-4,
7,
16,
4,
1,
1,
13,
1,
16,
-10,
-4,
-5,
-1,
-7,
4,
-4,
-27,
-14,
0,
21,
-13,
-15,
-10,
-5,
15,
14,
-1,
-4,
13,
8,
-7,
-8,
3,
12,
13,
25,
2,
11,
13,
-12,
-1,
-5,
6,
-4,
2,
8,
19,
-3,
10,
13,
-11,
-10,
2,
-7,
-20,
-2,
-2,
0,
17,
-1,
9,
8,
-11,
-11,
14,
17,
-8,
-4,
-1,
9,
-12,
-13,
8,
-19,
-14,
-2,
18,
-8,
0,
-3,
4,
-14,
5,
-4,
9,
-1,
-1,
-1,
-20,
-5,
0,
-15,
4,
-1,
-4,
0,
-16,
-20,
-4,
6,
-9,
11,
0,
21,
-4,
-18,
-4,
-4,
-10,
-4,
-15,
22,
0,
11,
-4,
9,
-22,
10,
21,
2,
3,
3,
-4,
-13,
-6,
5,
9,
13,
10,
-5,
1,
-6,
6,
8,
3,
24,
-1,
-22,
15,
15,
5,
7,
9,
-16,
2,
-21,
-10,
4,
12,
-4,
-21,
23,
-2,
16,
-3,
20,
-6,
-3,
-18,
-23,
1,
11,
-5,
14,
-43,
-27,
-11,
0,
5,
13,
13,
4,
-17,
-35,
8,
-3,
-13,
-2,
-22,
29,
10,
-17,
13,
-33,
-4,
-20,
-20,
1,
37,
13,
-13,
7,
14,
4,
7,
32,
5,
27,
21,
-13,
0,
-12,
2,
-11,
14,
17,
17,
-28,
12,
18,
-23,
-12,
9,
-7,
8,
6,
16,
31,
22,
5,
12,
-1,
-5,
-28,
8,
17,
-19,
-21,
7,
1,
-10,
-4,
24,
-13,
-22,
8,
20,
0,
12,
6,
5,
-24,
26,
-3,
3,
-28,
-7,
-10,
-17,
3,
-25,
-13,
-1,
-6,
7,
10,
-44,
-16,
-2,
-4,
-13,
21,
-21,
26,
20,
-13,
4,
15,
0,
8,
-17,
11,
1,
-4,
-17,
2,
-20,
-4,
14,
-8,
29,
-6,
18,
2,
-7,
-10,
4,
7,
5,
-37,
-14,
3,
0,
22,
21,
3,
-11,
-10,
24,
5,
1,
19,
-8,
-8,
12,
-14,
-8,
22,
18,
-4,
-21,
2,
-3,
9,
8,
-9,
-12,
-4,
-12,
-4,
-5,
38,
-17,
20,
-18,
-27,
13,
11,
13,
3,
22,
12,
-4,
-18,
-9,
8,
-9,
-5,
0,
14,
17,
-25,
-7,
-7,
-3,
-5,
-15,
-4,
21,
4,
-18,
-4,
24,
0,
12,
9,
2,
28,
12,
-14,
-13,
-24,
-7,
4,
-2,
-2,
11,
-19,
7,
-10,
-12,
-11,
19,
-4,
22,
28,
21,
39,
8,
2,
21,
-6,
8,
-13,
13,
9,
1,
-26,
-2,
-1,
-13,
11,
16,
-13,
-15,
-4,
0,
14,
11,
23,
5,
1,
15,
-6,
-27,
-25,
-4,
-22,
-5,
-5,
-12,
9,
-5,
-10,
29,
13,
-40,
-16,
4,
6,
-8,
13,
-29,
5,
4,
-12,
-18,
13,
5,
-4,
-12,
17,
-7,
4,
-24,
-7,
-13,
-17,
6,
-14,
49,
6,
14,
20,
-5,
-5,
1,
-15,
-13,
-18,
12,
2,
-27,
21,
16,
14,
4,
-18,
5,
21,
-4,
12,
-6,
-3,
5,
-1,
7,
21,
23,
7,
-13,
4,
-4,
-4,
-8,
-13,
-1,
-5,
-5,
-11,
7,
27,
-14,
19,
-16,
-10,
9,
1,
2,
9,
18,
-1,
-6,
5,
-9,
38,
-12,
-5,
3,
19,
20,
-16,
-7,
-6,
4,
-11,
-4,
-6,
36,
3,
-17,
-13,
4,
-3,
29,
2,
-3,
28,
26,
-28,
0,
-15,
-16,
2,
-3,
-2,
5,
-4,
7,
-13,
-25,
-2,
4,
-13,
21,
14,
16,
39,
20,
-18,
23,
18,
4,
-10,
13,
14,
4,
-20,
9,
-2,
-14,
21,
-7,
-8,
-7,
-13,
3,
13,
7,
13,
-12,
8,
9,
-2,
-18,
-35,
1,
-13,
-6,
-13,
1,
12,
-3,
-16,
36,
-4,
-35,
-10,
3,
2,
-16,
9,
-29,
7,
5,
-15,
-17,
-11,
9,
2,
-14,
19,
-4,
-6,
-13,
0,
-13,
-13,
10,
-15,
36,
7,
14,
30,
-14,
-7,
-19,
-3,
-16,
-11,
-2,
-2,
-22,
23,
21,
-5,
7,
-21,
12,
7,
10,
19,
4,
-23,
2,
-16,
13,
21,
23,
2,
-4,
1,
7,
8,
-11,
1,
6,
2,
-15,
-15,
21,
4,
-15,
10,
-36,
7,
-21,
2,
2,
9,
-13,
-10,
8,
-2,
1,
12,
-17,
6,
-24,
24,
11,
-20,
-2,
-3,
13,
-18,
6,
20,
31,
-14,
-4,
-8,
9,
-2,
19,
16,
-12,
4,
21,
-33,
15,
-21,
3,
-11,
0,
-5,
11,
1,
28,
11,
-30,
8,
-19,
-15,
6,
-3,
6,
13,
21,
-17,
14,
22,
-14,
-23,
4,
10,
5,
-8,
20,
-12,
-2,
10,
-19,
-4,
-21,
-4,
-6,
13,
4,
-3,
-6,
-2,
-4,
0,
-18,
-24,
2,
0,
-13,
-17,
-6,
-4,
-5,
-21,
19,
-14,
-14,
4,
-7,
10,
-21,
8,
-44,
15,
14,
-21,
-13,
-5,
4,
-9,
-23,
15,
13,
7,
-4,
20,
-9,
13,
26,
-5,
27,
3,
20,
29,
-29,
-3,
-21,
12,
-7,
-3,
-14,
4,
-22,
25,
9,
-28,
-2,
-2,
6,
13,
4,
41,
4,
-26,
9,
-25,
8,
-3,
11,
4,
-1,
-4,
18,
9,
6,
6,
-10,
7,
7,
-4,
-3,
19,
-12,
4,
-5,
-8,
-3,
4,
13,
21,
5,
-4,
24,
-17,
-4,
-5,
-4,
4,
2,
18,
15,
-20,
-5,
24,
-4,
-11,
1,
-7,
4,
-11,
-9,
-15,
0,
5,
22,
4,
0,
9,
8,
-7,
7,
-16,
8,
-5,
-2,
-16,
-4,
-1,
31,
5,
-6,
-19,
-1,
-4,
-1,
6,
14,
-6,
17,
-13,
7,
4,
4,
-10,
16,
4,
15,
-8,
-4,
4,
0,
-4,
-11,
-12,
-17,
-7,
-7,
3,
-4,
-4,
-1,
-1,
-8,
1,
-6,
-7,
-14,
-7,
-3,
-9,
-1,
-6,
21,
-14,
-6,
7,
-16,
-2,
-13,
9,
1,
13,
-13,
6,
9,
-16,
-4,
-5,
-33,
4,
-14,
13,
17,
17,
-17,
11,
-1,
10,
-1,
1,
6,
19,
10,
15,
-6,
-4,
-3,
9,
-10,
-4,
2,
12,
-5,
7,
13,
-2,
-2,
-4,
1,
18,
2,
15,
4,
-9,
11,
-8,
-2,
4,
12,
12,
4,
2,
11,
-11,
10,
17,
-6,
11,
3,
-3,
-10,
-9,
-9,
-16,
5,
4,
7,
1,
13,
20,
-1,
4,
10,
-5,
-13,
-5,
16,
-3,
1,
13,
4,
1,
1,
19,
-8,
-13,
-4,
-7,
-2,
-12,
13,
-14,
-5,
6,
13,
-4,
-7,
6,
3,
4,
0,
-7,
2,
12,
2,
-2,
-2,
-4,
14,
31,
18,
-3,
-3,
7,
-2,
2,
2,
-9,
17,
-13,
4,
0,
0,
12,
-11,
4,
6,
0,
-4,
-15,
-4,
-4,
4,
2,
-9,
4,
7,
8,
-18,
7,
14,
13,
-5,
-11,
8,
7,
-23,
5,
15,
-10,
13,
-11,
30,
7,
-26,
-7,
7,
-5,
-8,
15,
-3,
9,
1,
11,
-13,
-17,
3,
-5,
-4,
0,
6,
13,
21,
9,
-19,
-2,
-10,
2,
-1,
-6,
-28,
27,
-4,
-7,
-4,
19,
11,
0,
-5,
17,
-8,
0,
4,
19,
4,
28,
-4,
-12,
-5,
11,
4,
-5,
9,
3,
-1,
-1,
-4,
9,
0,
-3,
2,
16,
-5,
5,
6,
20,
20,
26,
11,
-9,
-1,
-15,
-6,
-4,
21,
-8,
7,
4,
-5,
-8,
-5,
13,
0,
-1,
-30,
-13,
-27,
0,
-1,
7,
1,
13,
4,
-3,
-7,
-7,
1,
10,
-22,
-3,
-7,
-7,
-4,
21,
16,
20,
-11,
4,
0,
0,
-23,
1,
3,
-3,
-13,
4,
-13,
17,
36,
3,
-10,
-1,
-4,
-13,
-9,
-1,
-11,
-6,
6,
-6,
-19,
0,
2,
-28,
24,
-24,
-14,
13,
-25,
2,
-31,
-27,
-8,
-21,
-7,
40,
0,
-16,
0,
10,
-16,
-16,
1,
-10,
19,
-8,
-8,
-1,
9,
7,
-3,
-5,
40,
-10,
-20,
-12,
8,
-6,
-11,
0,
-1,
13,
10,
33,
-25,
-17,
16,
-9,
-2,
6,
13,
24,
25,
10,
-3,
-11,
-33,
-6,
-14,
-9,
-14,
-6,
-8,
-20,
-4,
13,
-13,
30,
1,
3,
-9,
-6,
9,
7,
17,
7,
-4,
11,
-14,
9,
10,
-21,
30,
3,
-13,
-38,
-11,
11,
12,
-1,
-32,
11,
-13,
13,
19,
4,
15,
22,
-4,
-4,
3,
-8,
-19,
8,
1,
-15,
6,
7,
1,
-7,
-4,
27,
13,
-2,
-12,
-2,
-24,
-10,
8,
14,
1,
4,
1,
0,
-1,
-4,
-4,
10,
4,
0,
-20,
4,
-4,
14,
5,
15,
0,
7,
9,
-17,
-15,
1,
8,
-12,
-7,
4,
-2,
5,
37,
-5,
-19,
-3,
-3,
-1,
-3,
-4,
9,
13,
10,
-16,
-5,
26,
-16,
-24,
12,
0,
-5,
7,
-15,
-4,
-17,
-14,
-7,
-28,
0,
25,
-3,
-16,
-3,
2,
-20,
-2,
10,
-7,
12,
-13,
-15,
-18,
4,
5,
0,
-17,
27,
-11,
-19,
9,
-7,
-17,
-1,
2,
-15,
8,
-2,
35,
-13,
-7,
4,
16,
-7,
8,
1,
4,
9,
1,
9,
-17,
-30,
0,
-8,
-18,
-1,
-12,
1,
-3,
-5,
9,
-16,
29,
-22,
1,
-5,
-2,
-4,
9,
22,
21,
-14,
-10,
3,
-3,
6,
2,
14,
-15,
4,
-30,
-4,
16,
7,
-9,
-18,
-9,
-5,
18,
28,
15,
13,
13,
-4,
3,
6,
8,
-12,
9,
-10,
10,
1,
0,
5,
-2,
-3,
7,
17,
2,
-4,
-3,
-20,
-21,
5,
22,
-1,
10,
-2,
24,
8,
10,
5,
1,
22,
1,
-1,
0,
4,
15,
15,
12,
15,
5,
5,
-18,
-4,
-4,
4,
-15,
-3,
-9,
2,
6,
11,
-5,
-4,
7,
6,
-8,
4,
-3,
5,
9,
25,
-17,
-1,
4,
-3,
-11,
10,
20,
3,
6,
-6,
-1,
6,
-21,
-3,
-6,
-2,
4,
-6,
6,
1,
6,
-13,
-1,
-2,
-8,
-13,
-6,
-14,
0,
-5,
-16,
18,
-6,
8,
-10,
19,
-3,
-13,
-20,
-2,
18,
-14,
8,
-5,
18,
-4,
4,
-1,
13,
-1,
1,
2,
3,
10,
11,
-2,
-12,
-26,
10,
-8,
-1,
0,
-4,
11,
7,
-5,
7,
-11,
9,
-18,
2,
-1,
-16,
-5,
23,
18,
22,
7,
-13,
1,
-11,
4,
-2,
-8,
7,
-2,
-19,
-4,
-3,
1,
4,
4,
-13,
-15,
13,
21,
5,
5,
13,
5,
-5,
16,
10,
-11,
4,
-21,
12,
7,
-9,
-3,
-7,
-4,
-1,
13,
16,
-3,
4,
-20,
-9,
19,
15,
3,
4,
3,
28,
17,
13,
12,
-9,
24,
-2,
-4,
-18,
-6,
27,
14,
7,
7,
10,
10,
-29,
-1,
11,
-7,
-7,
-18,
-14,
8,
2,
16,
-3,
-7,
5,
9,
-7,
12,
20,
7,
12,
25,
-24,
10,
4,
1,
2,
1,
21,
15,
12,
-12,
8,
4,
-12,
-19,
-9,
4,
-4,
5,
15,
-6,
14,
-22,
7,
-10,
-2,
-20,
-19,
-15,
4,
-14,
-22,
16,
2,
10,
-24,
15,
-4,
-20,
-13,
-4,
7,
-13,
12,
-6,
-4,
-7,
-5,
7,
-10,
5,
2,
3,
6,
-4,
11,
0,
-1,
-33,
0,
6,
-15,
-4,
-11,
17,
17,
0,
-1,
-13,
11,
-8,
11,
1,
-10,
-4,
21,
12,
9,
16,
-16,
4,
-23,
5,
13,
-12,
1,
13,
-29,
10,
-1,
-5,
14,
-1,
-23,
-8,
29,
14,
6,
4,
13,
5,
-23,
22,
10,
-11,
7,
-16,
-3,
-12,
-18,
15,
8,
-13,
-11,
30,
1,
1,
3,
-25,
2,
20,
28,
-5,
-3,
10,
25,
7,
14,
5,
-19,
-1,
-15,
12,
-9,
1,
16,
12,
22,
3,
-8,
13,
-29,
-3,
13,
-11,
-4,
-4,
-17,
5,
-6,
24,
-6,
-9,
-8,
-7,
-9,
10,
5,
14,
9,
26,
-16,
22,
21,
-9,
5,
-4,
7,
18,
16,
-6,
10,
10,
0,
-23,
-13,
14,
-3,
-1,
18,
-3,
4,
-30,
7,
-16,
4,
-23,
-30,
-21,
4,
-15,
-8,
-4,
-7,
9,
-37,
-1,
6,
-12,
-21,
-2,
3,
-6,
14,
-29,
2,
3,
-21,
-4,
1,
-9,
13,
-3,
-1,
5,
13,
31,
-2,
-33,
11,
22,
-12,
-4,
0,
27,
30,
3,
-9,
2,
19,
-10,
-4,
-9,
8,
-12,
24,
3,
-2,
19,
-3,
-9,
-13,
-7,
31,
4,
-13,
11,
-26,
9,
-4,
-13,
18,
1,
-21,
13,
17,
29,
3,
-1,
11,
8,
-10,
-14,
6,
-19,
5,
8,
-2,
-1,
2,
24,
13,
-12,
6,
15,
11,
-8,
-17,
4,
-1,
14,
19,
-1,
0,
15,
13,
-13,
-11,
4,
-12,
-15,
-17,
13,
-5,
4,
13,
15,
15,
4,
-5,
4,
-4,
23,
-1,
12,
-4,
-16,
-25,
-5,
2,
24,
3,
8,
-7,
-4,
-1,
5,
6,
12,
-4,
19,
-38,
16,
4,
-10,
-3,
-5,
3,
5,
6,
-4,
-17,
10,
-11,
-11,
-11,
-4,
-1,
-4,
-2,
-9,
-11,
-24,
-8,
-9,
3,
-4,
-5,
-19,
-5,
3,
6,
-3,
-4,
12,
-14,
-34,
10,
-4,
-16,
-2,
10,
-6,
18,
-8,
-13,
-7,
-21,
8,
3,
-12,
18,
0,
6,
13,
2,
11,
-5,
-19,
12,
-9,
-9,
-21,
10,
33,
14,
-4,
-9,
-4,
25,
-6,
-4,
-11,
13,
4,
21,
4,
7,
7,
-10,
-3,
7,
-8,
11,
13,
-4,
5,
-12,
3,
2,
7,
-4,
-5,
-2,
5,
-9,
21,
18,
4,
4,
7,
-4,
-23,
-4,
6,
-10,
13,
-7,
16,
0,
13,
10,
-12,
0,
4,
3,
-13,
-24,
-7,
-6,
-7,
7,
-17,
-3,
-10,
1,
-12,
-12,
1,
1,
-3,
-9,
27,
-13,
5,
4,
2,
-2,
-4,
-2,
5,
7,
-1,
6,
19,
13,
-13,
-13,
-3,
-3,
19,
16,
12,
4,
4,
8,
-18,
-5,
12,
-8,
4,
-18,
4,
-12,
-3,
2,
0,
5,
4,
-7,
-17,
-6,
-8,
-18,
-1,
6,
5,
22,
0,
-4,
5,
6,
-4,
9,
13,
-21,
-6,
16,
-21,
-2,
16,
-2,
7,
1,
35,
15,
-40,
-8,
1,
-1,
-4,
13,
3,
6,
10,
10,
-19,
-10,
4,
6,
-12,
6,
-3,
16,
23,
-7,
-7,
-19,
4,
-3,
8,
4,
-21,
17,
6,
-8,
0,
-4,
11,
15,
-4,
8,
-13,
4,
9,
18,
4,
22,
-9,
-26,
-8,
5,
-1,
-4,
12,
14,
-7,
-11,
-16,
13,
-4,
-4,
-1,
2,
17,
-13,
7,
4,
29,
-10,
13,
-1,
-7,
-23,
-22,
6,
14,
6,
27,
4,
-2,
8,
4,
-6,
13,
1,
-40,
-7,
-19,
2,
0,
-5,
-1,
13,
-3,
11,
-6,
-27,
-2,
27,
-29,
-5,
-4,
-3,
6,
18,
21,
10,
-16,
-13,
0,
20,
-33,
4,
0,
-3,
2,
3,
-15,
17,
46,
19,
16,
-4,
10,
-13,
13,
-15,
-12,
-21,
-6,
0,
-7,
3,
-4,
-31,
7,
-36,
-19,
17,
-23,
-4,
-24,
-39,
-20,
-9,
-15,
40,
-12,
-18,
-13,
18,
11,
23,
-15,
-12,
8,
-13,
-10,
-3,
7,
3,
-19,
2,
59,
8,
-20,
-18,
13,
-13,
-29,
-25,
-4,
3,
-4,
30,
-19,
-19,
16,
-14,
7,
12,
19,
6,
31,
13,
-1,
-20,
-23,
-7,
-13,
-7,
-22,
-12,
-1,
-24,
-12,
17,
-16,
11,
-1,
1,
-18,
-12,
18,
36,
16,
-17,
-1,
-7,
-19,
17,
-4,
-19,
19,
18,
-21,
-14,
7,
-9,
8,
-3,
-12,
1,
4,
5,
19,
-3,
0,
8,
16,
6,
-2,
-7,
-20,
0,
-12,
-6,
28,
13,
-2,
4,
-7,
-4,
28,
5,
-11,
-1,
9,
-16,
7,
6,
15,
6,
14,
4,
-4,
-11,
8,
21,
-16,
-2,
-18,
-9,
-4,
12,
9,
3,
-4,
-7,
7,
-11,
-11,
0,
-2,
-8,
-7,
-7,
-7,
9,
38,
-5,
7,
4,
14,
-6,
18,
-11,
0,
-8,
16,
-6,
2,
16,
-14,
-21,
6,
-4,
3,
14,
-4,
-13,
-13,
-29,
-14,
-15,
-12,
18,
-1,
-14,
-16,
13,
-13,
29,
3,
-1,
-4,
-13,
-9,
-9,
4,
-1,
8,
-1,
32,
-4,
-17,
-2,
9,
-11,
-16,
5,
-10,
8,
-4,
19,
-7,
-12,
7,
8,
5,
-10,
3,
0,
18,
13,
-1,
-19,
-28,
-8,
2,
-5,
-6,
-13,
11,
-8,
2,
8,
-4,
7,
-12,
-13,
-10,
-7,
12,
21,
9,
23,
15,
-7,
-3,
-4,
-2,
-10,
4,
-7,
-3,
-6,
5,
1,
15,
-13,
-9,
-24,
-6,
13,
20,
2,
12,
-2,
15,
10,
4,
-4,
-12,
-3,
-4,
7,
14,
1,
4,
-3,
-3,
-18,
14,
-6,
-5,
-3,
4,
-33,
4,
15,
-10,
3,
-5,
13,
12,
6,
-4,
3,
21,
-2,
2,
-6,
-8,
8,
5,
2,
4,
7,
6,
-18,
-1,
5,
14,
7,
-3,
-11,
3,
4,
19,
-13,
0,
3,
21,
4,
17,
7,
-2,
-2,
13,
-1,
-12,
17,
-4,
-6,
13,
13,
1,
10,
2,
-4,
4,
-27,
6,
0,
1,
4,
1,
5,
-5,
5,
-4,
15,
9,
-1,
-6,
6,
-21,
-3,
2,
-12,
18,
-1,
9,
-4,
7,
3,
1,
-4,
4,
6,
-20,
0,
-12,
13,
-17,
0,
2,
15,
3,
-14,
4,
1,
-6,
14,
8,
-8,
-28,
7,
9,
-2,
-6,
-3,
14,
0,
-8,
0,
-13,
-2,
-4,
-4,
8,
-9,
-9,
13,
22,
22,
16,
-27,
8,
-11,
-4,
-7,
-19,
-3,
-4,
-4,
-13,
-9,
14,
-3,
-3,
-19,
-23,
17,
21,
-4,
15,
7,
7,
-4,
23,
1,
-6,
4,
3,
20,
20,
-25,
6,
-3,
-10,
-32,
6,
-7,
-4,
8,
-16,
-12,
16,
-1,
-22,
-8,
11,
-4,
15,
10,
-7,
-24,
13,
12,
2,
-7,
6,
27,
4,
-11,
-9,
12,
-2,
-8,
-2,
17,
7,
-4,
-3,
-11,
30,
-4,
21,
-10,
3,
5,
19,
4,
22,
23,
-3,
4,
20,
-16,
-1,
25,
7,
8,
6,
15,
13,
11,
4,
4,
19,
-14,
-12,
2,
-10,
-7,
3,
5,
1,
0,
3,
12,
16,
2,
-4,
-15,
-26,
8,
-3,
-10,
-5,
-6,
11,
-25,
11,
10,
1,
-3,
8,
5,
-13,
-1,
-14,
-1,
-4,
3,
28,
12,
5,
2,
-1,
3,
-20,
4,
16,
-17,
-20,
2,
16,
-15,
-7,
-6,
25,
1,
-9,
-6,
-13,
-15,
7,
-4,
10,
-8,
-16,
24,
10,
14,
17,
-28,
9,
-27,
-8,
1,
-7,
-12,
14,
-29,
-10,
-5,
16,
4,
-28,
-20,
1,
29,
2,
-13,
12,
-13,
4,
-20,
38,
5,
-11,
-7,
-18,
25,
14,
-21,
21,
-13,
-19,
-29,
31,
12,
-1,
20,
-25,
-10,
15,
-4,
-21,
-28,
6,
-1,
-1,
21,
-15,
-33,
-17,
-1,
4,
16,
30,
17,
-5,
-1,
-15,
-13,
-15,
-15,
-27,
13,
-21,
9,
14,
4,
29,
9,
18,
-1,
17,
12,
0,
9,
29,
15,
-5,
17,
6,
-28,
32,
25,
0,
19,
1,
-11,
29,
27,
4,
8,
21,
-18,
-39,
21,
-6,
-18,
8,
4,
23,
3,
-18,
19,
8,
-16,
-31,
-38,
-13,
-2,
-11,
18,
-17,
-9,
-1,
-34,
-2,
-11,
-7,
-13,
20,
1,
-13,
5,
-33,
-9,
27,
-19,
38,
16,
-13,
1,
-1,
11,
-19,
-4,
45,
15,
-27,
13,
29,
-16,
-11,
-15,
46,
5,
10,
-14,
19,
-21,
3,
-7,
-9,
-17,
-11,
15,
7,
25,
23,
-13,
1,
-28,
-19,
12,
21,
-12,
2,
-21,
-13,
-10,
10,
-8,
-10,
0,
20,
17,
18,
-18,
-10,
-6,
-5,
-21,
-5,
-4,
-5,
17,
10,
-2,
26,
-7,
18,
11,
-13,
-6,
38,
17,
-21,
3,
0,
7,
29,
15,
0,
-5,
26,
-7,
-24,
-2,
-2,
-14,
-33,
-23,
16,
18,
19,
19,
6,
-2,
-7,
2,
-24,
-7,
5,
-3,
4,
9,
-3,
-16,
-5,
-10,
17,
9,
13,
-11,
-10,
19,
19,
9,
3,
4,
16,
-36,
23,
4,
2,
-5,
-4,
-4,
21,
15,
-4,
-25,
25,
-21,
-24,
6,
-33,
-14,
12,
3,
0,
15,
-23,
8,
4,
-4,
5,
-2,
-13,
-6,
0,
34,
-26,
-4,
-4,
-11,
-31,
0,
3,
12,
1,
6,
-6,
10,
-14,
-15,
7,
-21,
16,
-6,
1,
3,
1,
13,
0,
-13,
24,
-21,
-13,
8,
-2,
-29,
-19,
7,
35,
-11,
15,
1,
8,
13,
-7,
-13,
-9,
0,
-3,
23,
18,
7,
12,
-29,
14,
1,
-5,
3,
14,
-11,
-3,
-17,
-10,
-16,
24,
8,
-4,
3,
0,
-10,
4,
-4,
-2,
-21,
5,
-14,
-22,
-20,
-4,
8,
13,
2,
24,
-2,
-1,
7,
-9,
-4,
13,
6,
-16,
-6,
22,
-2,
8,
12,
-4,
8,
-11,
-8,
-18,
-9,
-5,
2,
-7,
-19,
15,
15,
1,
5,
10,
-9,
-9,
11,
-18,
14,
4,
6,
14,
21,
-18,
-21,
-11,
-16,
25,
9,
8,
-4,
-4,
15,
-3,
11,
11,
-5,
4,
-6,
17,
-13,
-2,
-3,
-9,
-12,
-2,
1,
0,
-26,
-9,
-5,
-6,
-1,
-23,
7,
16,
5,
-2,
12,
6,
14,
10,
-16,
10,
20,
-10,
7,
13,
-4,
-8,
0,
23,
2,
-32,
-5,
-8,
4,
-10,
13,
-6,
6,
-3,
3,
-6,
-18,
-3,
-21,
-1,
1,
14,
-7,
19,
-21,
1,
-24,
0,
0,
17,
-12,
-9,
24,
7,
-17,
2,
-9,
4,
23,
-17,
-4,
-2,
17,
-12,
30,
7,
13,
0,
-43,
15,
-7,
-7,
-9,
-4,
4,
-13,
-2,
-21,
10,
9,
-8,
-17,
