# _QL_OP_TREE_REPLACE_DORY_ADDER_8 (shape [7, 7, 160]),
-51,
59,
-29,
-45,
-41,
6,
7,
-33,
3,
-58,
-72,
-4,
-12,
-20,
31,
52,
5,
-37,
-5,
50,
22,
-58,
-65,
-26,
-33,
-47,
98,
-48,
-128,
-115,
14,
-45,
22,
10,
11,
9,
-8,
55,
1,
55,
-54,
25,
92,
-85,
8,
2,
-94,
-80,
0,
-67,
33,
-3,
6,
4,
-10,
-89,
10,
-30,
-36,
83,
-14,
-47,
-37,
-41,
3,
-28,
14,
-38,
-22,
-38,
50,
-21,
20,
-35,
30,
50,
8,
2,
10,
-39,
33,
-10,
52,
-6,
16,
18,
-31,
-14,
9,
-9,
-65,
-20,
102,
-32,
-27,
37,
31,
1,
-102,
15,
-113,
5,
82,
49,
-49,
93,
12,
-12,
-9,
7,
-21,
-19,
-36,
-3,
31,
-14,
-10,
-35,
39,
16,
50,
127,
-33,
26,
-38,
50,
4,
95,
-28,
-19,
4,
1,
-54,
-35,
7,
98,
56,
83,
-38,
33,
37,
3,
-52,
-10,
-45,
-28,
-46,
-56,
-13,
37,
-31,
37,
-12,
-14,
127,
-58,
32,
-87,
55,
-7,
5,
7,
-12,
4,
-7,
9,
-39,
-29,
-8,
-52,
19,
-12,
16,
-39,
-19,
14,
-5,
29,
-20,
16,
30,
-42,
-5,
-10,
-11,
-35,
1,
-7,
-21,
-16,
38,
-41,
-4,
3,
11,
13,
-13,
12,
15,
-35,
12,
-16,
-18,
9,
-20,
-29,
14,
-18,
-7,
1,
5,
-29,
37,
-14,
-17,
28,
5,
35,
-16,
33,
9,
22,
-18,
-45,
18,
3,
9,
-38,
-32,
11,
14,
-13,
27,
41,
26,
5,
-13,
27,
-17,
-25,
-33,
-28,
-4,
4,
-37,
55,
-22,
6,
47,
5,
16,
14,
-3,
-14,
20,
-22,
14,
-8,
-56,
8,
0,
22,
7,
39,
3,
-1,
12,
-9,
-6,
-37,
26,
4,
26,
-4,
4,
-45,
-39,
17,
26,
-35,
-5,
4,
2,
-58,
-8,
-31,
9,
-20,
-1,
33,
35,
-8,
-41,
-7,
29,
16,
22,
18,
-30,
2,
18,
51,
-2,
41,
-21,
5,
-49,
14,
9,
-18,
-8,
9,
-21,
18,
-35,
-3,
-6,
21,
8,
25,
37,
-26,
1,
13,
7,
-12,
4,
-3,
-24,
20,
10,
-9,
-12,
-9,
-28,
-3,
-9,
33,
-22,
8,
-22,
-10,
17,
33,
-31,
-60,
-6,
-1,
13,
35,
-42,
3,
-14,
23,
34,
19,
9,
38,
-18,
-12,
33,
-3,
-17,
-22,
35,
-12,
-22,
7,
-20,
-8,
12,
-47,
31,
-7,
15,
-9,
20,
-22,
24,
39,
-9,
9,
6,
-12,
7,
4,
18,
17,
-5,
46,
31,
-15,
3,
-45,
12,
-7,
-25,
-3,
13,
-16,
-9,
7,
-4,
20,
3,
-9,
-1,
-36,
4,
12,
7,
22,
-12,
-25,
13,
-47,
76,
7,
-7,
7,
1,
51,
-24,
9,
8,
35,
10,
-26,
-18,
-46,
-12,
-44,
30,
0,
-18,
-31,
-17,
5,
24,
-22,
-58,
20,
0,
1,
16,
-22,
29,
-3,
14,
20,
5,
22,
9,
7,
14,
-1,
19,
-31,
-37,
-26,
14,
23,
32,
-1,
-19,
6,
-10,
32,
11,
-21,
41,
2,
-14,
-22,
31,
8,
-22,
-11,
-14,
17,
26,
-11,
5,
10,
-4,
1,
14,
12,
-7,
3,
3,
-9,
16,
-24,
-37,
10,
-36,
26,
-13,
30,
37,
-21,
3,
28,
-33,
-52,
9,
-9,
1,
18,
-20,
-3,
-1,
21,
10,
31,
9,
9,
-26,
-23,
6,
7,
-20,
-4,
30,
10,
-7,
-7,
-42,
-9,
23,
-29,
18,
-31,
-23,
6,
16,
-9,
-10,
56,
-20,
9,
1,
-15,
-2,
22,
9,
0,
-3,
5,
33,
-17,
-26,
-37,
3,
-28,
-16,
13,
15,
14,
-14,
4,
-12,
22,
6,
-24,
10,
-33,
5,
28,
-7,
43,
2,
-27,
12,
-16,
67,
-7,
-16,
-5,
16,
52,
-26,
3,
10,
47,
7,
-7,
-29,
-56,
3,
-26,
23,
-12,
10,
-18,
-31,
-9,
7,
-30,
-51,
11,
2,
-5,
5,
5,
40,
-5,
23,
25,
13,
26,
16,
11,
12,
1,
18,
-19,
-24,
-4,
14,
35,
18,
26,
-26,
-5,
-9,
23,
10,
4,
14,
32,
3,
-11,
22,
-9,
-14,
20,
-4,
-7,
5,
16,
-10,
21,
-5,
7,
8,
2,
-1,
-1,
0,
-20,
16,
5,
-20,
-6,
-13,
26,
7,
28,
48,
1,
-7,
8,
-35,
-11,
39,
6,
-6,
18,
9,
-11,
-3,
-1,
16,
7,
-1,
-28,
-12,
-22,
-1,
0,
-13,
10,
1,
-7,
12,
-10,
-39,
-2,
14,
-27,
9,
-23,
-16,
7,
5,
22,
-3,
40,
-16,
3,
-18,
-33,
-1,
37,
-8,
-6,
-7,
-2,
9,
1,
-39,
-2,
7,
-49,
13,
17,
-15,
6,
-7,
13,
-18,
20,
18,
-20,
-3,
-22,
3,
7,
-7,
20,
-1,
-14,
21,
3,
24,
-13,
-1,
-17,
14,
22,
-39,
-14,
6,
9,
6,
-6,
-45,
-9,
14,
-12,
31,
-17,
28,
-21,
16,
-28,
0,
-28,
-31,
-13,
-9,
-3,
-13,
18,
20,
-2,
14,
0,
7,
20,
3,
-16,
14,
7,
14,
5,
-20,
14,
26,
26,
-14,
41,
-22,
-18,
-17,
16,
14,
23,
1,
12,
7,
17,
9,
-18,
21,
37,
-7,
-29,
-23,
18,
-19,
-1,
-10,
32,
-7,
3,
-1,
9,
9,
-3,
-7,
-9,
1,
-16,
5,
16,
-9,
30,
3,
3,
-22,
-5,
-16,
-5,
1,
21,
-8,
-6,
22,
-14,
-17,
19,
22,
-2,
-30,
-4,
-36,
-30,
-24,
-30,
-8,
26,
-39,
-35,
22,
-2,
-24,
-41,
-1,
-21,
7,
3,
1,
5,
6,
38,
6,
3,
-4,
-3,
7,
-5,
28,
29,
-11,
-3,
-5,
25,
-17,
-5,
-18,
3,
-12,
-19,
14,
26,
-33,
2,
-9,
24,
-13,
-24,
18,
20,
22,
3,
22,
23,
20,
19,
0,
-3,
9,
18,
9,
4,
-5,
15,
-12,
27,
10,
14,
-8,
-12,
-4,
-7,
-22,
-1,
-16,
8,
20,
-30,
-22,
-7,
3,
-7,
19,
12,
17,
-6,
19,
-26,
-3,
-5,
9,
2,
14,
-10,
45,
21,
-8,
-14,
45,
6,
-6,
20,
-9,
5,
19,
19,
-12,
20,
18,
-12,
-24,
-4,
9,
6,
-7,
-5,
7,
-1,
3,
-31,
11,
22,
-18,
6,
-5,
4,
-12,
-19,
-9,
33,
-13,
33,
5,
-18,
10,
13,
25,
-9,
5,
-33,
9,
3,
11,
6,
-3,
-11,
-26,
-20,
3,
2,
20,
-7,
-10,
-24,
42,
-31,
5,
23,
7,
9,
-14,
16,
-16,
-20,
-40,
-10,
-3,
28,
-31,
-33,
-17,
10,
-32,
-28,
-3,
-31,
7,
-6,
-14,
5,
-7,
7,
-22,
16,
26,
-26,
-24,
-25,
26,
14,
-2,
-16,
-16,
49,
1,
12,
-37,
26,
24,
-16,
-31,
43,
-21,
-15,
16,
-5,
-33,
-31,
19,
25,
28,
-7,
26,
1,
20,
-12,
-11,
-35,
-1,
3,
35,
-35,
-35,
48,
-7,
40,
45,
22,
5,
-3,
47,
6,
-23,
-17,
-10,
-9,
48,
-36,
-37,
-40,
-9,
-13,
11,
-22,
-1,
-20,
18,
-22,
5,
17,
-3,
37,
18,
-18,
52,
37,
-33,
-3,
26,
16,
17,
35,
31,
9,
24,
24,
-25,
8,
9,
-8,
-26,
-24,
4,
2,
-5,
-24,
-16,
-17,
0,
-36,
-11,
-6,
28,
-9,
-5,
-3,
27,
-3,
-15,
34,
-3,
-9,
26,
-28,
4,
10,
1,
6,
3,
20,
1,
43,
-16,
-7,
18,
-5,
-24,
-5,
5,
49,
-11,
-27,
-17,
-32,
56,
-3,
-5,
33,
-38,
4,
-31,
13,
22,
9,
-31,
-3,
-41,
-12,
-5,
-12,
-7,
-9,
-6,
-12,
-6,
-1,
14,
-32,
-26,
31,
12,
64,
-15,
7,
22,
40,
-18,
-7,
25,
19,
6,
7,
-31,
-40,
-5,
-18,
16,
23,
4,
-32,
-16,
19,
14,
-56,
-6,
-29,
16,
-9,
-28,
73,
-26,
-4,
33,
5,
1,
9,
6,
33,
22,
3,
-7,
52,
-59,
-1,
43,
27,
16,
44,
12,
22,
24,
3,
-24,
-49,
-9,
-31,
51,
-6,
-22,
-3,
-24,
15,
33,
-3,
48,
3,
28,
-62,
-13,
-37,
-1,
-6,
-12,
15,
48,
-10,
-39,
-13,
20,
-16,
17,
22,
-5,
10,
21,
35,
9,
45,
8,
-4,
-66,
-18,
22,
-71,
-34,
0,
-12,
13,
-57,
7,
1,
41,
-26,
-12,
18,
1,
4,
-5,
15,
-33,
7,
-36,
14,
-14,
24,
-19,
1,
8,
-5,
-10,
-18,
33,
3,
16,
38,
-5,
18,
9,
9,
-16,
2,
24,
-12,
-13,
-7,
2,
18,
18,
-1,
18,
-6,
2,
-8,
-3,
14,
5,
-29,
-20,
8,
3,
21,
-5,
3,
-4,
-18,
-16,
-1,
-1,
18,
-13,
26,
12,
-3,
8,
16,
-2,
5,
-32,
-9,
18,
31,
24,
-31,
6,
10,
-23,
9,
-2,
17,
-17,
23,
12,
-1,
-56,
1,
7,
-4,
21,
3,
25,
-21,
5,
24,
20,
-12,
22,
-1,
-1,
-9,
-17,
18,
-1,
-26,
-14,
6,
17,
-36,
-4,
11,
28,
-16,
5,
-5,
-8,
22,
-33,
10,
7,
-25,
-32,
-9,
23,
20,
-35,
14,
20,
-16,
5,
-8,
-33,
41,
-33,
-4,
-7,
14,
14,
-22,
-5,
7,
7,
15,
-3,
-39,
-2,
-2,
15,
4,
14,
-17,
-12,
-21,
13,
-15,
-12,
12,
23,
-9,
-1,
-4,
28,
41,
18,
-38,
7,
56,
-5,
-14,
-20,
33,
-3,
-16,
-15,
12,
-10,
7,
-31,
-22,
-15,
-28,
-31,
32,
18,
16,
-5,
-30,
-28,
29,
5,
27,
-43,
52,
13,
0,
0,
-16,
30,
3,
43,
-5,
75,
0,
48,
-15,
-11,
26,
-35,
-31,
-28,
11,
25,
-35,
0,
-40,
52,
5,
12,
5,
39,
-14,
-64,
67,
-56,
12,
16,
9,
1,
18,
-12,
-3,
12,
32,
19,
1,
22,
56,
-31,
-18,
-32,
11,
-34,
10,
-10,
18,
-14,
0,
31,
26,
-16,
-7,
5,
7,
-15,
7,
35,
-48,
26,
10,
-21,
-27,
-41,
56,
-14,
-12,
-39,
-3,
16,
-40,
5,
-26,
4,
13,
-14,
35,
-28,
-10,
-33,
20,
-9,
-52,
-47,
-36,
25,
18,
-22,
-17,
55,
-3,
39,
-3,
-20,
54,
15,
2,
6,
20,
-5,
2,
14,
4,
5,
20,
26,
-50,
-69,
-10,
-9,
20,
-38,
-26,
-20,
18,
35,
-3,
20,
18,
6,
20,
9,
8,
21,
-12,
-5,
12,
21,
19,
12,
2,
-17,
43,
-10,
-11,
-32,
12,
0,
7,
-37,
-14,
-13,
-7,
-21,
-3,
18,
-2,
9,
9,
-24,
32,
16,
17,
-49,
35,
1,
-12,
-7,
-5,
22,
5,
42,
10,
62,
-7,
20,
-2,
-14,
14,
2,
-39,
-11,
21,
18,
-29,
3,
-39,
24,
7,
-9,
9,
12,
-18,
-60,
62,
-22,
16,
20,
6,
-7,
21,
-33,
-12,
9,
19,
23,
-12,
22,
37,
-28,
-31,
-20,
3,
-40,
4,
12,
-1,
-3,
6,
16,
-1,
-12,
-3,
-2,
7,
-9,
12,
32,
-26,
33,
-9,
-20,
-18,
7,
46,
-22,
-47,
-26,
5,
7,
-36,
-9,
-39,
15,
14,
16,
17,
-12,
24,
-26,
13,
-2,
-23,
-37,
-40,
26,
-9,
-4,
-24,
41,
-3,
33,
12,
-11,
40,
0,
-3,
-3,
2,
-6,
-2,
-9,
-6,
-24,
34,
6,
-47,
-51,
-3,
26,
15,
-29,
-31,
-33,
29,
25,
1,
11,
14,
35,
7,
10,
-4,
14,
-7,
13,
7,
33,
19,
9,
2,
8,
16,
-15,
20,
-20,
28,
-8,
30,
-27,
18,
2,
21,
-3,
-20,
21,
-1,
14,
39,
-15,
16,
16,
0,
-1,
12,
1,
-14,
1,
5,
20,
2,
-10,
7,
18,
-18,
-28,
4,
6,
18,
10,
-15,
3,
7,
-8,
26,
-2,
-10,
6,
16,
4,
-1,
-7,
5,
-30,
18,
24,
21,
22,
-22,
-14,
4,
-32,
-23,
13,
4,
7,
-12,
-4,
-4,
8,
5,
-23,
1,
-21,
8,
4,
-24,
-7,
-2,
9,
-15,
-14,
4,
-7,
-12,
-10,
0,
24,
-16,
18,
-10,
-5,
18,
14,
35,
-10,
-25,
12,
-11,
-13,
-28,
-27,
-1,
-5,
2,
3,
1,
18,
26,
-18,
27,
9,
-19,
-21,
-2,
12,
-6,
-1,
-5,
5,
0,
7,
-14,
-11,
22,
-19,
9,
-18,
0,
20,
2,
-20,
-3,
-12,
-1,
-8,
-26,
3,
-3,
25,
9,
26,
-7,
-25,
16,
16,
4,
12,
-30,
23,
-1,
19,
1,
-4,
25,
43,
-13,
-5,
-3,
12,
-9,
4,
24,
12,
12,
9,
13,
3,
8,
-12,
-7,
-14,
12,
-7,
14,
36,
15,
29,
14,
6,
12,
1,
-5,
-7,
5,
21,
-22,
3,
12,
5,
11,
19,
24,
18,
-14,
-17,
-25,
-5,
5,
-19,
6,
-5,
-22,
-29,
40,
12,
3,
-20,
-8,
-5,
11,
4,
1,
-19,
5,
23,
41,
0,
-18,
-18,
1,
-22,
-1,
11,
-25,
7,
12,
-14,
-16,
-10,
-1,
-31,
-28,
-8,
8,
22,
-46,
7,
1,
24,
-9,
-18,
24,
6,
20,
-15,
0,
37,
-4,
3,
5,
14,
-3,
22,
32,
0,
7,
2,
-7,
12,
-1,
2,
-18,
-15,
-11,
-3,
-38,
3,
-4,
3,
20,
-9,
-23,
5,
-9,
18,
7,
12,
18,
3,
-5,
-6,
-2,
-11,
14,
-35,
33,
-26,
32,
19,
-5,
-16,
31,
-1,
7,
7,
-16,
2,
6,
3,
17,
18,
9,
-5,
-3,
-5,
12,
15,
-27,
17,
2,
-1,
-14,
-15,
32,
3,
-32,
-14,
-1,
-3,
-22,
3,
4,
16,
7,
4,
-9,
25,
17,
-21,
12,
-1,
-16,
-24,
-7,
25,
11,
14,
16,
27,
1,
9,
22,
16,
22,
10,
-2,
6,
44,
-7,
5,
4,
41,
-13,
13,
-28,
-10,
20,
-18,
-7,
12,
-9,
4,
-5,
4,
15,
-12,
16,
-12,
13,
20,
-7,
-9,
-28,
9,
15,
-7,
-5,
-21,
-20,
-31,
-23,
4,
-7,
-29,
28,
17,
29,
-37,
-14,
-20,
-11,
12,
12,
-8,
37,
-23,
-7,
14,
2,
-6,
-11,
9,
-8,
-7,
-28,
10,
9,
12,
14,
9,
-14,
12,
14,
24,
-18,
-18,
31,
9,
14,
21,
-9,
-22,
-16,
0,
-7,
-31,
-14,
5,
9,
26,
-19,
-13,
-2,
-9,
-7,
-5,
-16,
19,
-12,
-2,
-6,
9,
-6,
3,
4,
24,
-14,
46,
16,
-8,
-21,
37,
13,
7,
12,
5,
28,
23,
-1,
5,
27,
14,
5,
-22,
-5,
14,
17,
5,
24,
26,
4,
-34,
-16,
43,
-9,
-9,
-14,
-11,
16,
-5,
-12,
7,
-19,
43,
5,
18,
-1,
10,
-12,
5,
24,
9,
6,
-14,
20,
-12,
-1,
19,
24,
11,
-10,
12,
7,
-4,
-2,
-3,
-35,
14,
12,
16,
-3,
-17,
-21,
7,
12,
12,
-12,
-1,
14,
-7,
7,
26,
-3,
18,
-3,
3,
9,
8,
-7,
1,
-31,
-3,
5,
3,
20,
12,
-2,
9,
13,
2,
-20,
-16,
23,
-24,
9,
-31,
-3,
9,
-33,
21,
-5,
2,
-14,
28,
-13,
-3,
-30,
12,
-11,
16,
-13,
12,
22,
0,
-14,
19,
-3,
-13,
12,
-17,
3,
5,
-1,
-20,
16,
13,
-5,
12,
10,
1,
-18,
-1,
3,
-18,
-17,
-40,
-12,
4,
-20,
7,
-26,
3,
-3,
-12,
14,
45,
-1,
1,
6,
-6,
-3,
-37,
-24,
4,
-9,
-13,
2,
22,
13,
-12,
-7,
19,
1,
14,
-6,
1,
7,
12,
0,
24,
25,
6,
-1,
-16,
-16,
17,
-27,
3,
30,
-10,
1,
4,
8,
9,
16,
-40,
-3,
6,
9,
3,
-9,
17,
-41,
24,
-31,
1,
-23,
24,
10,
7,
10,
16,
-2,
6,
4,
-5,
24,
23,
3,
20,
7,
6,
5,
-22,
26,
-8,
-32,
-1,
7,
13,
10,
3,
2,
-9,
7,
9,
-16,
3,
9,
-14,
19,
36,
5,
18,
1,
8,
13,
5,
-15,
2,
-18,
-13,
-3,
1,
-5,
9,
2,
14,
28,
9,
-14,
-2,
20,
0,
13,
-30,
31,
19,
3,
18,
3,
-8,
2,
27,
-9,
9,
-32,
-3,
7,
-16,
14,
15,
-19,
-20,
-9,
3,
-1,
-7,
8,
-9,
-1,
1,
3,
2,
-3,
-15,
3,
-2,
-7,
-37,
-34,
9,
-9,
-21,
-5,
6,
-5,
0,
0,
8,
-9,
-18,
2,
4,
5,
23,
26,
9,
11,
7,
7,
8,
-41,
26,
-11,
11,
18,
-17,
26,
-4,
1,
-9,
12,
7,
-4,
-5,
-24,
-9,
8,
3,
6,
-7,
7,
-16,
16,
-14,
-11,
1,
12,
9,
-1,
-3,
12,
6,
20,
0,
-4,
3,
22,
-7,
-35,
-6,
-26,
3,
-15,
5,
-17,
9,
2,
-7,
-1,
-1,
-7,
24,
25,
3,
1,
3,
-8,
22,
-6,
18,
-20,
-9,
12,
9,
-39,
-6,
17,
-5,
12,
16,
14,
-7,
31,
16,
6,
0,
28,
-5,
5,
53,
25,
-7,
1,
-16,
33,
-19,
-16,
-27,
-37,
3,
-18,
24,
-33,
23,
12,
12,
5,
-3,
-10,
11,
28,
22,
9,
-20,
43,
33,
-7,
-17,
10,
-43,
-21,
47,
2,
-2,
-22,
16,
-31,
-27,
20,
7,
-1,
-3,
-20,
47,
25,
-16,
22,
-4,
-7,
-9,
-16,
37,
-28,
-5,
8,
-13,
0,
-38,
-53,
38,
3,
15,
28,
22,
-19,
7,
4,
1,
-30,
-39,
14,
-22,
4,
0,
30,
-7,
30,
-10,
16,
26,
-32,
1,
7,
7,
7,
-27,
8,
10,
11,
-29,
-3,
-1,
1,
-14,
-51,
-20,
-2,
-16,
-30,
-36,
-16,
-1,
36,
-29,
-14,
22,
-14,
15,
-16,
-7,
13,
4,
16,
28,
-13,
3,
15,
-7,
-27,
-17,
-24,
10,
-32,
-21,
-7,
12,
13,
0,
-3,
-12,
1,
14,
5,
-16,
1,
19,
-23,
4,
0,
5,
-9,
-9,
-5,
12,
-5,
-9,
10,
12,
-7,
28,
-17,
9,
14,
5,
8,
17,
27,
0,
14,
41,
11,
1,
18,
-7,
1,
-9,
-2,
-31,
-31,
-19,
-28,
39,
-22,
14,
5,
-10,
5,
5,
-15,
2,
14,
20,
3,
-9,
36,
7,
-8,
5,
13,
-27,
-22,
42,
-5,
-6,
-26,
38,
-47,
-42,
34,
22,
-22,
-19,
-3,
31,
26,
-8,
-14,
9,
-7,
10,
3,
24,
-29,
-28,
22,
-1,
0,
-39,
-52,
13,
5,
5,
23,
11,
-12,
9,
3,
7,
-14,
-20,
2,
1,
-12,
-9,
42,
-30,
28,
-5,
0,
22,
-15,
-5,
-14,
3,
-6,
-30,
1,
3,
49,
-29,
-9,
3,
10,
-14,
-42,
-7,
-3,
-7,
-16,
-39,
-5,
-5,
37,
-2,
-7,
23,
-17,
31,
-38,
-13,
1,
12,
5,
22,
-20,
13,
1,
-14,
-5,
-35,
-25,
5,
-3,
-3,
1,
20,
6,
22,
1,
-31,
15,
-18,
-12,
2,
16,
33,
-21,
18,
1,
-14,
-5,
-14,
-6,
-1,
17,
-2,
14,
10,
-18,
14,
-12,
3,
-18,
-1,
13,
20,
18,
8,
29,
10,
7,
13,
6,
-4,
6,
-2,
17,
-17,
-32,
-16,
-18,
9,
3,
-2,
19,
-20,
8,
7,
3,
-20,
10,
20,
24,
5,
24,
-7,
3,
22,
-10,
-17,
10,
33,
11,
-19,
-20,
11,
-20,
-12,
9,
4,
-12,
3,
3,
6,
7,
5,
-4,
20,
1,
11,
1,
30,
-10,
-18,
39,
-17,
-13,
-12,
-35,
16,
-14,
7,
-11,
-4,
13,
21,
-16,
7,
-10,
-9,
10,
7,
-14,
-7,
9,
-19,
20,
3,
1,
14,
-5,
9,
-20,
4,
-12,
-20,
26,
-3,
34,
-17,
4,
-16,
-4,
-26,
-13,
-9,
9,
20,
5,
-7,
-9,
9,
21,
-1,
22,
-9,
-1,
15,
-20,
-22,
-7,
22,
21,
14,
1,
8,
12,
-18,
-4,
9,
9,
16,
22,
-3,
3,
16,
15,
-9,
-8,
-14,
1,
-18,
6,
5,
16,
16,
-38,
33,
12,
-6,
-18,
-17,
6,
1,
12,
6,
19,
-5,
-12,
-2,
6,
-3,
-20,
-3,
-9,
7,
7,
2,
16,
-14,
-6,
26,
11,
3,
9,
3,
16,
-3,
-16,
-3,
-11,
-9,
5,
14,
-3,
-1,
-9,
13,
-7,
-7,
18,
2,
46,
21,
23,
-39,
-11,
12,
-20,
-28,
4,
7,
18,
-15,
20,
-5,
-10,
13,
-12,
18,
10,
1,
-4,
10,
24,
9,
-7,
1,
3,
6,
12,
5,
17,
-21,
22,
3,
13,
13,
-28,
18,
-20,
14,
-12,
-22,
10,
3,
-5,
21,
-9,
-21,
-1,
-18,
13,
-15,
9,
19,
9,
-3,
-12,
9,
-7,
13,
-12,
12,
-3,
11,
16,
-2,
-1,
-1,
12,
-6,
-3,
-22,
-2,
-9,
-2,
29,
16,
1,
-14,
18,
10,
12,
15,
-33,
20,
7,
-17,
-44,
7,
29,
3,
14,
-12,
5,
12,
-16,
11,
1,
-5,
9,
-5,
-7,
-9,
7,
11,
5,
-5,
-22,
-17,
-31,
16,
7,
15,
21,
16,
1,
8,
35,
-3,
26,
-12,
-3,
-5,
34,
-7,
14,
-10,
31,
-23,
20,
-39,
-1,
8,
-7,
7,
7,
9,
-6,
-10,
-5,
10,
9,
0,
7,
43,
5,
-27,
-14,
-5,
1,
-3,
-16,
1,
-18,
-10,
-24,
-23,
5,
-8,
-37,
20,
4,
25,
-31,
-11,
-11,
3,
14,
3,
-23,
14,
-12,
-5,
10,
-5,
-14,
-1,
2,
-29,
-21,
-26,
14,
0,
-5,
-6,
4,
5,
9,
7,
9,
4,
-20,
43,
5,
25,
7,
-26,
-17,
-5,
-15,
-7,
-39,
11,
9,
-8,
9,
-22,
-2,
1,
-49,
21,
-2,
-25,
12,
7,
18,
-3,
1,
12,
7,
-1,
6,
15,
19,
12,
10,
-23,
16,
3,
7,
14,
-9,
3,
6,
-7,
22,
19,
4,
1,
-22,
-11,
-9,
24,
-16,
11,
34,
10,
-15,
-6,
12,
-1,
-17,
-28,
8,
-12,
3,
-8,
-10,
-7,
35,
-9,
5,
-14,
14,
5,
7,
-3,
9,
11,
-24,
-1,
-10,
18,
-4,
11,
2,
12,
2,
5,
-16,
4,
41,
-15,
1,
-17,
23,
5,
21,
0,
28,
22,
6,
-23,
6,
-1,
12,
31,
16,
9,
17,
21,
-12,
12,
9,
3,
16,
-7,
7,
13,
-1,
-8,
18,
-22,
1,
20,
14,
-12,
12,
3,
-17,
14,
-31,
26,
18,
-14,
11,
1,
22,
20,
-7,
-4,
-2,
-13,
-11,
-24,
-1,
-15,
-5,
7,
-3,
-7,
16,
-6,
-10,
-3,
16,
-4,
-3,
-1,
-5,
-10,
-8,
8,
3,
7,
-1,
-1,
3,
-17,
-27,
-16,
-19,
-25,
-9,
-7,
-13,
-14,
8,
2,
-8,
6,
16,
-11,
12,
12,
1,
1,
-16,
-25,
17,
20,
-16,
26,
19,
25,
-23,
3,
3,
-13,
5,
12,
3,
5,
17,
-3,
45,
7,
-9,
23,
-16,
7,
-7,
12,
5,
14,
-16,
-6,
7,
-9,
7,
0,
-32,
-4,
31,
-17,
14,
-26,
33,
-31,
12,
-41,
-28,
-17,
3,
13,
26,
-32,
-37,
21,
-35,
-35,
-26,
33,
-1,
-20,
-18,
32,
-4,
9,
-4,
-2,
47,
13,
-2,
-3,
2,
-39,
-19,
-9,
-3,
7,
12,
-17,
5,
24,
-12,
17,
20,
5,
12,
-25,
-7,
-1,
2,
5,
4,
22,
-1,
5,
-30,
-10,
41,
-12,
-1,
14,
17,
-9,
21,
7,
37,
16,
5,
19,
-32,
9,
-28,
3,
2,
-1,
-16,
13,
8,
-9,
17,
16,
5,
7,
22,
-16,
-25,
18,
-4,
20,
-33,
37,
31,
9,
-26,
-2,
7,
0,
-34,
-5,
8,
-4,
-18,
7,
-1,
-20,
-25,
-19,
-12,
-14,
8,
-3,
9,
22,
12,
0,
25,
-6,
25,
34,
12,
-13,
20,
30,
-10,
-20,
-14,
-8,
5,
41,
-20,
41,
-15,
26,
-9,
5,
4,
11,
-50,
-10,
35,
-3,
-4,
-6,
-3,
-14,
16,
44,
-5,
14,
7,
-25,
-14,
-33,
26,
3,
47,
6,
-2,
-4,
21,
-28,
10,
-3,
-29,
-7,
7,
-11,
-35,
-16,
12,
-2,
39,
11,
-55,
15,
-53,
4,
-27,
43,
30,
-5,
-9,
5,
21,
-6,
-3,
-21,
43,
-3,
-26,
-20,
-2,
-5,
9,
-33,
20,
9,
5,
12,
10,
31,
-24,
-24,
20,
-3,
16,
14,
-16,
-24,
-6,
-13,
14,
1,
-16,
-9,
-18,
14,
24,
0,
-42,
20,
9,
27,
41,
12,
54,
3,
13,
28,
-12,
11,
-23,
22,
-5,
11,
-1,
-20,
11,
-40,
6,
-20,
-39,
26,
13,
-32,
-4,
1,
35,
28,
-12,
45,
14,
-5,
-24,
-12,
-9,
3,
-16,
33,
4,
7,
-11,
-22,
-22,
-7,
-18,
-14,
0,
22,
-7,
-35,
-14,
-10,
-12,
-5,
22,
-33,
33,
42,
16,
-13,
29,
-12,
-15,
-3,
-15,
-12,
-29,
23,
-23,
62,
2,
22,
-28,
14,
-33,
-3,
-26,
-9,
52,
-2,
-21,
-2,
-25,
2,
5,
-3,
-14,
-1,
-22,
-14,
19,
-32,
13,
-1,
14,
26,
5,
-43,
-1,
-29,
-7,
-20,
-43,
-1,
20,
-26,
-58,
-12,
10,
-5,
16,
16,
-19,
-5,
-6,
9,
-70,
41,
-11,
-28,
-11,
-1,
28,
-40,
-9,
-31,
38,
22,
-21,
-23,
10,
14,
17,
-12,
18,
33,
-1,
7,
22,
6,
-31,
-3,
31,
1,
32,
47,
-27,
-20,
-8,
-5,
18,
-8,
-25,
-11,
5,
16,
-14,
-1,
-28,
-14,
-28,
26,
6,
-16,
24,
7,
31,
18,
3,
-3,
18,
28,
33,
-13,
1,
-5,
19,
-11,
16,
-47,
-44,
41,
1,
-21,
-18,
-32,
13,
-1,
3,
6,
-2,
-9,
-17,
-5,
-11,
18,
-13,
49,
-7,
12,
-33,
-7,
-31,
-14,
-33,
-7,
-7,
16,
-39,
-28,
-31,
11,
-10,
-13,
18,
-16,
14,
30,
-1,
14,
32,
-31,
-3,
-13,
7,
-3,
-1,
16,
-28,
35,
8,
-2,
-18,
-5,
-5,
-9,
-36,
-47,
7,
7,
12,
-5,
-17,
-3,
-8,
21,
-15,
17,
1,
-25,
49,
-71,
4,
-5,
-26,
7,
-3,
-28,
12,
-28,
9,
-16,
-43,
-26,
10,
-9,
-54,
0,
10,
-4,
35,
-26,
-39,
-16,
-6,
-14,
-7,
24,
2,
-20,
-3,
5,
7,
-23,
-2,
-33,
24,
16,
-16,
-10,
-21,
-19,
3,
6,
1,
24,
-16,
-3,
12,
13,
-11,
16,
41,
19,
24,
37,
-2,
12,
-16,
-10,
-7,
-14,
-20,
5,
-4,
16,
-5,
-21,
-38,
-12,
-28,
21,
-3,
-3,
28,
21,
24,
13,
9,
1,
-9,
0,
15,
-6,
1,
3,
3,
10,
31,
-17,
-18,
22,
-19,
-5,
4,
-15,
12,
-1,
11,
14,
22,
-11,
-3,
4,
9,
26,
-18,
35,
-26,
5,
3,
12,
-16,
-14,
-22,
-14,
-3,
-9,
2,
-32,
-12,
12,
4,
-22,
-3,
-14,
-4,
-1,
15,
26,
26,
-2,
14,
4,
28,
4,
-9,
20,
-14,
32,
24,
14,
-22,
9,
-5,
-19,
-45,
-5,
-12,
-12,
20,
-1,
-21,
-19,
12,
34,
-5,
28,
1,
-16,
33,
-58,
1,
-12,
-19,
10,
28,
-2,
5,
-9,
4,
-31,
-28,
-21,
3,
-1,
-44,
-5,
5,
13,
9,
-7,
-32,
3,
-45,
4,
8,
65,
14,
15,
-8,
1,
1,
-3,
35,
-21,
21,
33,
-28,
-14,
20,
-16,
-8,
-14,
-2,
-6,
0,
-9,
-19,
11,
18,
7,
7,
5,
7,
-2,
-1,
-2,
1,
3,
8,
8,
-10,
-9,
8,
7,
24,
-7,
-12,
-21,
7,
7,
-25,
-3,
3,
54,
32,
30,
1,
-18,
-10,
7,
-16,
6,
1,
28,
23,
18,
-7,
-12,
2,
7,
-4,
-4,
4,
15,
59,
9,
-12,
16,
8,
-19,
-35,
-3,
-8,
22,
-33,
-5,
26,
30,
36,
22,
3,
-20,
-13,
8,
-8,
17,
34,
-41,
12,
-10,
3,
-3,
-9,
-12,
19,
-18,
52,
-7,
3,
-41,
-7,
33,
20,
-9,
-3,
21,
-18,
33,
24,
7,
-19,
-4,
-39,
1,
-23,
-3,
15,
-31,
52,
17,
-47,
-33,
39,
-2,
16,
22,
-22,
-2,
23,
-7,
-20,
-12,
-7,
20,
61,
12,
5,
14,
-7,
5,
9,
-7,
20,
-4,
-14,
-15,
-18,
25,
-3,
0,
-32,
-13,
-16,
22,
7,
21,
22,
9,
6,
-1,
25,
2,
9,
0,
-1,
4,
17,
-3,
35,
4,
22,
-27,
-3,
-47,
1,
-23,
-3,
4,
10,
18,
-14,
-10,
7,
-3,
16,
6,
11,
19,
4,
-16,
0,
-21,
8,
14,
12,
5,
-5,
-11,
-20,
-12,
3,
-6,
-31,
32,
-16,
36,
-5,
-15,
-3,
16,
14,
1,
-5,
7,
-14,
1,
-1,
-7,
-9,
-4,
8,
-3,
6,
-21,
21,
-5,
0,
-10,
-1,
-3,
10,
-7,
-9,
4,
-7,
24,
7,
28,
2,
-3,
-1,
-3,
-2,
-14,
-29,
22,
8,
-6,
10,
-14,
-5,
-1,
-19,
26,
-3,
-12,
31,
15,
7,
-11,
-20,
14,
14,
-9,
-11,
7,
3,
18,
-7,
-5,
7,
-7,
3,
10,
-4,
-3,
-5,
-14,
37,
-14,
2,
-14,
3,
-14,
-7,
13,
-31,
20,
5,
-5,
-7,
-4,
-5,
1,
9,
-18,
3,
-16,
16,
-20,
14,
-5,
38,
-9,
13,
0,
8,
4,
3,
-6,
0,
16,
-14,
-9,
-3,
-4,
-1,
7,
6,
14,
9,
4,
-7,
11,
47,
-41,
-8,
-14,
18,
20,
20,
4,
24,
28,
15,
-25,
3,
-9,
3,
24,
17,
17,
12,
12,
-5,
24,
3,
3,
14,
-1,
3,
14,
2,
5,
16,
-19,
7,
18,
-3,
-28,
9,
-10,
-25,
17,
-29,
16,
11,
-13,
-3,
8,
22,
-9,
-11,
-5,
0,
-29,
-2,
5,
13,
9,
-7,
22,
-13,
1,
11,
5,
-16,
13,
9,
3,
-5,
9,
-5,
-19,
1,
2,
-1,
-5,
14,
22,
16,
-24,
-18,
-9,
-13,
-14,
2,
9,
-3,
-1,
9,
-7,
1,
20,
20,
-19,
19,
8,
9,
-3,
-7,
-35,
7,
31,
-14,
-1,
2,
17,
-11,
-4,
1,
-10,
5,
-1,
9,
9,
3,
-12,
22,
3,
-6,
1,
-24,
20,
7,
5,
6,
-10,
-21,
-7,
5,
-15,
15,
-3,
-13,
-12,
33,
3,
6,
-10,
41,
-14,
11,
-35,
-35,
-3,
-9,
-7,
-2,
-73,
-26,
3,
-17,
-7,
10,
9,
3,
-19,
-26,
19,
-3,
-1,
28,
-22,
59,
-10,
-11,
9,
-5,
-15,
-17,
-14,
11,
25,
8,
-8,
30,
5,
-9,
-2,
20,
11,
27,
-21,
-24,
5,
-3,
6,
-5,
39,
17,
16,
-29,
-10,
56,
-29,
18,
10,
-15,
-18,
13,
5,
6,
12,
-4,
4,
-11,
-45,
-43,
5,
21,
-37,
-31,
16,
-9,
-12,
9,
32,
4,
-5,
-5,
18,
-5,
31,
20,
13,
-28,
49,
13,
5,
-45,
4,
16,
-2,
17,
-28,
7,
-1,
12,
34,
16,
-46,
-26,
-9,
-18,
-26,
30,
-14,
5,
27,
1,
4,
24,
9,
31,
-33,
18,
12,
9,
-3,
-3,
-16,
-3,
16,
-31,
39,
-12,
26,
2,
7,
-17,
-5,
2,
-1,
-45,
-25,
14,
-14,
28,
7,
-3,
-47,
-1,
37,
11,
3,
18,
-28,
-9,
-14,
-5,
-16,
39,
-5,
9,
-15,
11,
13,
16,
5,
6,
-16,
1,
-3,
-14,
19,
22,
-23,
3,
-24,
-34,
20,
-18,
-5,
4,
12,
31,
-3,
-15,
7,
22,
-11,
9,
-30,
33,
-16,
-27,
-20,
10,
-11,
-6,
-4,
-6,
8,
6,
-19,
15,
18,
-18,
-16,
6,
19,
38,
-9,
-29,
9,
-32,
-2,
16,
30,
-8,
-5,
-5,
-12,
30,
-9,
9,
-1,
5,
4,
21,
22,
23,
14,
2,
7,
-5,
-31,
-3,
12,
14,
-2,
-24,
-15,
1,
-7,
-1,
22,
-8,
1,
-15,
7,
26,
28,
20,
21,
-17,
31,
-26,
-15,
-21,
-10,
-11,
6,
7,
9,
10,
17,
20,
41,
7,
-42,
-22,
-3,
21,
-1,
17,
-16,
-9,
3,
1,
-5,
9,
7,
18,
-32,
12,
5,
16,
-27,
-5,
-1,
-7,
-2,
-26,
41,
-12,
9,
21,
5,
-18,
1,
-16,
-23,
-10,
5,
9,
-23,
24,
1,
7,
-5,
3,
-2,
15,
10,
1,
-21,
5,
-35,
14,
-3,
21,
7,
23,
-6,
1,
26,
6,
-28,
13,
-2,
4,
-24,
-33,
18,
13,
-11,
0,
-10,
-12,
-4,
-17,
-12,
-1,
7,
3,
-17,
-1,
15,
51,
-45,
14,
-31,
45,
7,
-17,
-16,
-12,
8,
1,
11,
-22,
25,
3,
-37,
24,
5,
-16,
-9,
-1,
4,
33,
16,
-32,
0,
-12,
5,
3,
35,
-21,
-11,
35,
-19,
10,
-28,
9,
-26,
-32,
15,
-1,
1,
43,
12,
-12,
14,
16,
-25,
-9,
10,
41,
-14,
-14,
8,
0,
16,
-1,
-5,
-9,
7,
-16,
19,
20,
20,
1,
-16,
-20,
3,
-28,
-6,
-46,
-3,
1,
-11,
-1,
7,
26,
9,
2,
43,
-16,
-24,
-9,
-9,
10,
-1,
9,
-24,
6,
18,
-9,
-5,
-15,
8,
20,
-23,
25,
24,
1,
-14,
-11,
4,
-2,
-9,
-14,
12,
-30,
14,
32,
-18,
-27,
-24,
5,
-20,
-24,
-35,
-18,
-1,
34,
8,
-6,
0,
0,
31,
-2,
38,
26,
-9,
-8,
-32,
-21,
-16,
18,
24,
6,
8,
1,
14,
15,
-20,
22,
17,
24,
-23,
-46,
42,
-25,
6,
0,
-60,
23,
-26,
11,
-1,
10,
-7,
-30,
-10,
-13,
12,
28,
-42,
28,
-46,
56,
1,
3,
-1,
-13,
18,
-31,
10,
5,
33,
-18,
-22,
37,
-1,
-12,
5,
7,
-26,
14,
23,
-23,
26,
-25,
19,
-2,
39,
0,
-3,
25,
8,
28,
-41,
-3,
-39,
-56,
5,
-24,
-1,
7,
17,
-28,
16,
33,
-33,
-20,
13,
44,
-5,
-14,
28,
-16,
22,
1,
-10,
10,
-20,
12,
4,
2,
17,
8,
-26,
-3,
-12,
-13,
-11,
-33,
-9,
20,
-16,
-5,
-26,
6,
-2,
-21,
35,
-23,
4,
7,
-20,
10,
-17,
9,
-47,
6,
37,
-30,
-20,
-12,
1,
18,
-21,
43,
23,
13,
2,
28,
12,
21,
16,
4,
27,
-34,
33,
20,
-35,
-19,
-34,
26,
-20,
-20,
-52,
-13,
-10,
40,
-11,
-40,
-10,
24,
35,
-14,
14,
28,
-10,
-12,
-26,
-23,
-22,
-12,
8,
22,
5,
-7,
14,
-5,
-7,
14,
-14,
10,
3,
-16,
9,
18,
4,
-16,
-22,
-11,
1,
4,
-1,
25,
26,
3,
24,
12,
5,
24,
-13,
9,
5,
14,
10,
-10,
-11,
38,
-1,
-5,
-10,
-5,
-13,
5,
-13,
1,
2,
-9,
19,
-2,
3,
18,
5,
-2,
12,
-1,
8,
-4,
-4,
3,
-22,
16,
35,
13,
-9,
-27,
-21,
0,
-8,
-11,
-1,
-24,
25,
-22,
22,
-5,
-2,
-10,
12,
9,
13,
-3,
-5,
7,
3,
-5,
-6,
-7,
14,
-1,
3,
-5,
-7,
19,
5,
-9,
-1,
-26,
-14,
-2,
-7,
-9,
-10,
0,
-5,
-7,
34,
6,
5,
18,
-6,
-4,
-5,
-16,
-9,
20,
-31,
20,
18,
-5,
-23,
-11,
-16,
-6,
-13,
18,
26,
7,
-26,
15,
6,
11,
-2,
9,
1,
5,
13,
10,
-1,
-18,
4,
11,
-14,
-5,
1,
-5,
-1,
21,
4,
-7,
-3,
27,
-10,
-5,
16,
-7,
15,
7,
-30,
-22,
-12,
14,
13,
7,
8,
-15,
12,
-17,
3,
26,
-13,
12,
5,
-20,
-3,
-12,
-6,
-5,
11,
-7,
-20,
-3,
-5,
14,
20,
9,
10,
10,
-12,
-1,
25,
13,
-7,
6,
17,
3,
-2,
39,
-5,
-6,
-26,
-9,
-1,
-5,
-12,
-8,
1,
3,
8,
-18,
-13,
26,
11,
20,
-14,
10,
8,
11,
-14,
7,
4,
15,
22,
26,
15,
2,
-18,
-7,
-3,
6,
13,
-16,
31,
-35,
5,
-16,
1,
-4,
3,
12,
1,
-12,
7,
-29,
-2,
-4,
5,
8,
16,
20,
12,
-9,
-18,
16,
21,
1,
2,
-1,
29,
12,
-3,
3,
3,
7,
7,
-21,
43,
28,
-9,
3,
3,
12,
-2,
3,
7,
15,
-9,
9,
-13,
-9,
10,
-20,
20,
-7,
15,
5,
18,
13,
-14,
-22,
6,
-15,
-1,
-3,
-35,
18,
16,
-8,
9,
21,
5,
1,
-3,
6,
9,
-12,
16,
35,
-6,
20,
1,
-3,
-22,
-5,
-1,
-19,
18,
7,
-21,
-24,
-8,
-7,
5,
-21,
-22,
7,
-1,
6,
-7,
7,
-8,
43,
17,
1,
11,
-4,
-22,
-4,
25,
-5,
-2,
3,
-7,
-16,
14,
21,
15,
2,
-12,
-4,
18,
13,
8,
3,
-14,
7,
29,
24,
-11,
-12,
-10,
23,
-9,
20,
-24,
6,
-4,
16,
33,
9,
2,
27,
-1,
-7,
-20,
8,
-12,
10,
-1,
-1,
-5,
26,
26,
4,
-18,
22,
-1,
-18,
1,
16,
-14,
-33,
6,
-47,
-5,
11,
-4,
-31,
22,
-20,
-18,
5,
-27,
-6,
-47,
-19,
1,
12,
13,
40,
3,
-22,
-16,
32,
-4,
-9,
12,
-5,
12,
1,
1,
-16,
31,
24,
-6,
-2,
33,
8,
-32,
5,
7,
-3,
-14,
-20,
-28,
2,
7,
10,
-18,
-6,
2,
-11,
2,
29,
-11,
14,
30,
1,
8,
-33,
-28,
-17,
-8,
-14,
-15,
-4,
18,
-9,
-5,
-15,
-8,
13,
1,
7,
8,
-1,
7,
23,
6,
-16,
-3,
3,
-23,
7,
-1,
7,
27,
-30,
-9,
-16,
-9,
24,
26,
-29,
-36,
16,
-13,
12,
-8,
3,
-7,
33,
-3,
-1,
14,
5,
-9,
-12,
-16,
-3,
14,
1,
-16,
11,
-9,
28,
16,
1,
12,
4,
12,
5,
16,
11,
-12,
9,
9,
5,
-10,
-12,
0,
20,
-9,
9,
-22,
18,
-14,
-7,
5,
17,
3,
12,
-2,
-14,
-3,
-14,
6,
6,
2,
1,
-11,
6,
28,
5,
-8,
12,
-14,
-3,
-18,
-3,
7,
-15,
9,
-35,
-7,
14,
-29,
-21,
24,
-6,
-14,
4,
-20,
12,
-20,
-20,
1,
-7,
24,
20,
-7,
-23,
4,
22,
12,
6,
17,
-17,
9,
-7,
-20,
-30,
10,
27,
-11,
-20,
27,
5,
-11,
24,
2,
-7,
-6,
13,
-33,
9,
-2,
25,
1,
3,
-10,
0,
-31,
11,
-6,
0,
29,
7,
-3,
-1,
-28,
-11,
1,
-14,
-3,
-22,
3,
-3,
7,
-11,
6,
34,
-5,
12,
7,
-12,
-12,
28,
7,
0,
-16,
-4,
7,
-4,
7,
9,
3,
-20,
-22,
-26,
-12,
39,
5,
-15,
-17,
-18,
-12,
17,
-1,
9,
-15,
34,
5,
7,
18,
18,
2,
0,
-18,
17,
6,
-3,
-6,
3,
3,
14,
9,
2,
4,
-1,
-8,
-19,
0,
12,
-12,
-1,
-1,
37,
-10,
2,
6,
9,
28,
17,
-10,
-3,
-14,
9,
14,
20,
3,
17,
8,
-14,
9,
-12,
3,
7,
-3,
-20,
-9,
18,
25,
1,
6,
26,
17,
5,
-22,
-6,
8,
-5,
22,
-14,
7,
18,
-9,
-12,
0,
1,
-16,
16,
-11,
3,
17,
-12,
10,
9,
11,
-3,
-7,
9,
-1,
5,
3,
-6,
15,
-29,
-11,
5,
-27,
3,
-9,
-9,
24,
-18,
14,
20,
9,
1,
0,
-22,
2,
33,
-33,
11,
-6,
5,
6,
10,
0,
15,
-16,
-8,
-8,
5,
20,
20,
-24,
-1,
-26,
-8,
-3,
10,
1,
-26,
10,
-7,
-7,
-1,
-7,
7,
-6,
33,
14,
-21,
-7,
26,
20,
18,
-5,
-11,
16,
-5,
14,
-15,
-6,
13,
-24,
-15,
-19,
21,
-10,
-15,
-4,
-17,
0,
19,
0,
13,
-13,
30,
-9,
-16,
31,
3,
-14,
1,
-16,
13,
4,
-12,
-8,
-5,
4,
-3,
4,
2,
12,
7,
-20,
-6,
7,
22,
-1,
-2,
10,
22,
-3,
-1,
11,
-1,
18,
14,
-9,
-29,
-17,
24,
-3,
7,
1,
16,
10,
-20,
-11,
-9,
11,
4,
-12,
-22,
-5,
12,
16,
-5,
-3,
31,
-5,
5,
-3,
-6,
1,
10,
14,
-6,
14,
11,
-1,
12,
-1,
9,
2,
14,
-17,
5,
3,
-24,
1,
22,
34,
-12,
-5,
11,
-1,
21,
-8,
-3,
8,
-35,
-2,
-16,
-15,
10,
-24,
-33,
24,
-4,
9,
-11,
24,
-9,
18,
-9,
3,
16,
-1,
15,
-5,
-5,
7,
-5,
4,
2,
3,
-9,
-7,
7,
18,
-10,
-3,
-7,
-19,
-16,
-8,
4,
7,
-34,
20,
10,
9,
10,
-12,
9,
4,
33,
-2,
-12,
5,
22,
19,
-1,
10,
-17,
26,
-23,
14,
-10,
-14,
3,
-16,
-30,
-9,
2,
-14,
-20,
4,
-15,
3,
21,
9,
14,
1,
38,
15,
-39,
44,
18,
9,
3,
-28,
0,
-9,
-22,
8,
5,
-6,
-17,
30,
4,
9,
20,
-33,
0,
7,
24,
-16,
-1,
18,
10,
2,
7,
12,
-24,
5,
3,
4,
-5,
-13,
16,
6,
20,
10,
-3,
18,
-27,
-3,
-14,
3,
-14,
4,
-24,
-16,
-10,
21,
-11,
9,
9,
-31,
-20,
18,
-20,
16,
4,
24,
-7,
37,
26,
-12,
11,
2,
7,
4,
12,
-8,
14,
8,
-13,
-10,
-1,
29,
-5,
-9,
14,
7,
26,
-13,
20,
-5,
-20,
-12,
-17,
-22,
7,
-23,
-26,
10,
-16,
20,
-47,
12,
16,
28,
-9,
-6,
9,
-5,
12,
-33,
12,
9,
-20,
-20,
18,
-11,
-9,
0,
1,
27,
-15,
37,
12,
-14,
5,
34,
3,
16,
-12,
23,
22,
27,
-7,
-5,
31,
-5,
11,
-9,
16,
5,
5,
7,
-18,
0,
-3,
7,
-29,
-7,
14,
-7,
-7,
-15,
-37,
-7,
1,
-13,
-1,
3,
-16,
-3,
1,
10,
7,
-18,
18,
7,
-5,
-3,
14,
-7,
9,
-10,
2,
-1,
-1,
16,
26,
4,
8,
10,
17,
7,
2,
-6,
7,
31,
-2,
-4,
14,
20,
25,
-14,
-18,
-16,
-14,
-21,
7,
0,
-6,
-1,
-4,
15,
2,
3,
14,
5,
22,
14,
6,
4,
-7,
-20,
-5,
-10,
-3,
35,
14,
9,
-10,
-15,
3,
-17,
-10,
12,
-15,
23,
-46,
26,
-16,
-5,
-14,
-20,
-1,
-4,
20,
5,
-13,
6,
-11,
2,
-5,
8,
7,
5,
-17,
3,
3,
-3,
2,
-3,
-43,
-19,
0,
-18,
9,
-3,
-1,
1,
-4,
11,
-5,
-21,
32,
13,
-6,
-14,
5,
-7,
27,
-25,
-3,
-3,
-25,
-13,
9,
-7,
8,
3,
3,
26,
-12,
1,
-9,
-1,
-5,
0,
8,
-26,
11,
15,
6,
-12,
2,
2,
23,
-7,
-1,
8,
-12,
2,
9,
7,
-3,
-9,
16,
3,
-23,
12,
-17,
23,
-3,
-26,
-8,
-3,
18,
12,
-7,
3,
-26,
-6,
-8,
-5,
24,
24,
-3,
13,
-14,
-25,
-16,
-1,
-3,
15,
-7,
-5,
-9,
7,
31,
18,
-8,
-5,
9,
-15,
-15,
1,
5,
-1,
3,
-17,
10,
-28,
39,
1,
-16,
-22,
-20,
5,
5,
-3,
-46,
9,
-20,
-3,
-1,
-14,
-1,
28,
40,
-14,
14,
19,
3,
-32,
-12,
16,
12,
24,
9,
7,
-12,
1,
-6,
-1,
12,
12,
-3,
14,
-36,
0,
-26,
1,
-18,
-2,
16,
-3,
3,
-18,
-7,
-14,
-3,
8,
21,
18,
14,
17,
-5,
-7,
20,
24,
-6,
21,
-19,
-7,
23,
-5,
-9,
10,
1,
1,
12,
44,
41,
-9,
-7,
9,
20,
-14,
2,
3,
10,
-8,
16,
-20,
-2,
12,
3,
-7,
20,
5,
14,
16,
26,
-3,
-18,
24,
-16,
24,
11,
-36,
39,
7,
-14,
-4,
11,
-15,
21,
-4,
10,
3,
-19,
25,
11,
1,
24,
-11,
-2,
-35,
-21,
3,
-18,
22,
12,
-22,
-41,
0,
-1,
1,
-28,
-18,
11,
-5,
-12,
3,
6,
20,
2,
31,
9,
-9,
15,
-22,
4,
36,
10,
18,
12,
12,
-3,
20,
-7,
42,
0,
-14,
0,
3,
-13,
-12,
2,
14,
8,
1,
33,
14,
-44,
9,
23,
-7,
1,
-31,
-9,
2,
3,
31,
-3,
-11,
-11,
5,
5,
-37,
15,
-5,
-7,
19,
-8,
-1,
7,
53,
-1,
5,
1,
3,
-11,
10,
26,
-19,
-18,
20,
-28,
-11,
-16,
-3,
-47,
30,
14,
-20,
1,
-41,
1,
-32,
-8,
-24,
22,
-33,
30,
-7,
-22,
-14,
25,
4,
33,
-24,
-7,
-10,
-18,
1,
5,
20,
14,
-37,
18,
44,
15,
-31,
-6,
25,
-1,
-26,
-25,
-5,
-7,
-10,
16,
-12,
-12,
22,
-9,
-2,
45,
5,
-9,
20,
-1,
24,
-42,
-5,
-43,
-8,
-27,
-1,
-5,
25,
-5,
-7,
-12,
-4,
1,
5,
-15,
-10,
-5,
47,
56,
12,
-18,
18,
-20,
-31,
35,
-28,
0,
9,
-17,
-1,
-8,
-17,
-7,
12,
-1,
-31,
0,
10,
6,
20,
5,
-2,
20,
25,
25,
7,
18,
-3,
-1,
-3,
3,
15,
16,
-9,
11,
3,
3,
36,
-1,
1,
30,
18,
2,
1,
18,
19,
25,
3,
7,
12,
-20,
18,
19,
-9,
-14,
-41,
-9,
14,
-8,
4,
-11,
0,
-9,
5,
-11,
2,
-11,
5,
1,
22,
8,
-22,
-6,
31,
-1,
3,
3,
-2,
-5,
8,
-1,
-12,
-5,
20,
-19,
-12,
-5,
-14,
-28,
24,
17,
6,
9,
-6,
-3,
-15,
-16,
-18,
-1,
-5,
14,
-3,
2,
-13,
16,
-18,
31,
-5,
1,
-19,
-10,
-7,
-16,
14,
12,
3,
-5,
27,
8,
-3,
22,
8,
3,
-16,
12,
16,
14,
5,
14,
-7,
1,
2,
6,
-9,
7,
2,
-17,
22,
4,
1,
-21,
-14,
-7,
18,
-10,
12,
-10,
14,
10,
5,
5,
5,
7,
-5,
-9,
4,
-7,
12,
35,
2,
9,
10,
4,
2,
-1,
3,
4,
0,
-34,
-9,
-14,
-20,
21,
1,
-10,
-30,
-31,
-11,
12,
7,
5,
6,
24,
16,
20,
5,
5,
-8,
-1,
-5,
14,
5,
5,
-7,
-16,
3,
-18,
15,
-4,
13,
24,
14,
-13,
-1,
29,
-9,
3,
-11,
22,
7,
4,
4,
-1,
37,
3,
-23,
-6,
-9,
7,
4,
-8,
6,
9,
-1,
-11,
12,
5,
25,
28,
13,
-10,
-10,
11,
22,
-11,
7,
-5,
17,
-6,
-3,
2,
-9,
-2,
11,
-8,
-5,
-14,
-4,
-5,
27,
22,
0,
11,
6,
7,
14,
-25,
16,
11,
-8,
-2,
-5,
8,
-6,
5,
-12,
7,
18,
0,
-16,
-5,
-18,
-10,
-8,
-20,
16,
-9,
13,
17,
9,
-3,
0,
-3,
11,
20,
-7,
9,
5,
4,
-7,
3,
-3,
14,
-3,
-11,
2,
-8,
-11,
7,
16,
-12,
-14,
2,
22,
9,
4,
-1,
-6,
5,
-5,
3,
-10,
5,
-7,
9,
17,
-12,
7,
14,
4,
26,
21,
-21,
4,
1,
-3,
-9,
-4,
-11,
1,
-16,
-13,
9,
6,
-5,
-22,
-18,
-13,
4,
31,
-3,
16,
4,
-7,
-19,
32,
-17,
-14,
12,
22,
31,
13,
-35,
-12,
-14,
7,
-31,
20,
-22,
-9,
18,
-14,
-9,
16,
37,
-22,
-8,
27,
-2,
12,
-1,
19,
-33,
1,
28,
-4,
-27,
-5,
23,
-18,
-18,
-18,
-1,
-9,
-15,
-21,
18,
28,
-1,
33,
3,
-2,
2,
18,
1,
9,
9,
-1,
3,
16,
3,
-28,
20,
22,
-25,
-15,
15,
3,
10,
33,
24,
2,
-1,
-1,
19,
22,
-24,
-5,
15,
-1,
-12,
-7,
-1,
8,
-18,
-2,
-7,
30,
-3,
-5,
-24,
-37,
42,
-5,
-6,
-14,
-3,
18,
-28,
8,
2,
2,
-23,
5,
3,
-3,
-1,
16,
-5,
9,
7,
25,
23,
-10,
-1,
-8,
-16,
-18,
5,
49,
-12,
14,
-1,
22,
-19,
-8,
-32,
7,
-7,
13,
7,
-1,
-16,
13,
-7,
2,
10,
8,
19,
5,
16,
20,
-22,
5,
-9,
-8,
-19,
-23,
-33,
2,
-36,
-18,
21,
1,
0,
-44,
-14,
7,
15,
14,
-29,
15,
-23,
-9,
-48,
69,
3,
-5,
15,
-1,
36,
15,
-29,
13,
-37,
-3,
-60,
66,
3,
13,
22,
-35,
-16,
24,
33,
-29,
-27,
7,
-6,
31,
24,
3,
-39,
-16,
-5,
20,
-1,
27,
24,
-46,
-17,
1,
-29,
-28,
-31,
-50,
20,
4,
18,
54,
1,
-5,
16,
10,
19,
33,
14,
-23,
14,
56,
25,
-20,
26,
47,
-35,
33,
30,
9,
20,
15,
1,
26,
5,
10,
25,
23,
-29,
-47,
28,
-7,
-7,
-29,
20,
52,
-26,
-16,
48,
14,
-22,
-33,
-66,
-31,
45,
-34,
30,
-18,
-12,
5,
-28,
-6,
-5,
3,
-7,
38,
15,
-26,
2,
-36,
-3,
37,
-35,
44,
27,
-27,
-11,
-15,
5,
-7,
-1,
81,
22,
-17,
22,
58,
-12,
-13,
-19,
49,
16,
32,
7,
43,
-36,
-4,
2,
-14,
14,
12,
22,
7,
24,
18,
11,
-11,
-7,
-25,
-22,
5,
-24,
-22,
-37,
-7,
-10,
-7,
-3,
-32,
-11,
9,
-1,
14,
-17,
-22,
-5,
-1,
-22,
11,
14,
-18,
24,
8,
4,
13,
-18,
22,
16,
7,
-2,
26,
31,
-9,
10,
-13,
9,
39,
30,
10,
5,
26,
-1,
-21,
-12,
-20,
-16,
-22,
-34,
4,
11,
1,
1,
9,
-14,
9,
33,
-7,
17,
-5,
-6,
30,
7,
6,
3,
-8,
-20,
36,
31,
-4,
-12,
-35,
13,
8,
0,
12,
7,
21,
-56,
35,
-20,
-16,
-9,
-21,
3,
24,
19,
-15,
-17,
16,
-25,
-20,
7,
-18,
10,
17,
16,
5,
-3,
3,
16,
7,
-19,
-7,
-9,
-19,
-7,
-10,
44,
-14,
-18,
-14,
7,
-22,
0,
14,
-1,
3,
-1,
-24,
14,
-19,
-7,
-7,
-20,
9,
-3,
-19,
-9,
3,
13,
14,
-28,
33,
-23,
0,
5,
14,
-22,
-16,
7,
22,
-9,
20,
9,
28,
16,
-25,
-9,
15,
3,
20,
24,
20,
3,
-1,
6,
5,
-3,
-7,
-26,
14,
-17,
-25,
-18,
-5,
-6,
30,
21,
-4,
-17,
-9,
-26,
4,
5,
5,
-28,
1,
-29,
-9,
-14,
-9,
21,
16,
-1,
1,
-15,
16,
18,
4,
-10,
28,
2,
-18,
-6,
9,
14,
12,
15,
19,
17,
-1,
28,
-7,
-3,
-26,
-12,
1,
-30,
-18,
-9,
-3,
-14,
9,
-18,
-2,
15,
7,
28,
-11,
3,
22,
25,
-32,
-28,
25,
-4,
30,
-5,
10,
-9,
-18,
-2,
10,
22,
15,
-14,
3,
-26,
14,
-45,
-12,
-43,
-5,
-2,
-3,
15,
-16,
-16,
2,
-11,
1,
12,
-22,
35,
31,
23,
-7,
21,
16,
0,
16,
-24,
2,
1,
-7,
-9,
-4,
9,
5,
9,
36,
33,
-13,
-16,
8,
12,
-7,
5,
-3,
6,
-3,
-2,
-45,
-13,
18,
-16,
-18,
4,
-4,
-9,
3,
14,
15,
-43,
16,
-6,
28,
-5,
-37,
41,
31,
-21,
9,
2,
3,
26,
-24,
21,
16,
9,
23,
21,
21,
21,
5,
-33,
-9,
7,
10,
-26,
-6,
-12,
-12,
-34,
-16,
-16,
15,
-9,
-31,
