# classifier._QL_REPLACED__INTEGERIZE_PACT_LIN_PASS_0 (shape [1000]),
4840,
1313,
827,
1143,
1582,
1324,
1804,
-90,
62,
-97,
326,
818,
-116,
53,
687,
108,
-304,
365,
48,
-226,
-31,
585,
662,
827,
-193,
1189,
1853,
1156,
1347,
1690,
1642,
621,
1281,
1728,
1667,
1570,
1900,
1527,
1044,
1217,
1195,
750,
670,
518,
912,
202,
972,
460,
1305,
1289,
2044,
721,
133,
-250,
27,
179,
-420,
-163,
838,
-172,
190,
786,
1161,
-124,
-274,
99,
-509,
306,
-197,
-377,
-586,
110,
-414,
-881,
-169,
-1034,
-855,
-668,
-234,
351,
-46,
-481,
551,
692,
594,
663,
677,
-147,
601,
289,
-77,
-108,
-108,
922,
-459,
455,
474,
222,
-184,
423,
-378,
914,
910,
2271,
724,
126,
631,
734,
-11,
126,
310,
-400,
149,
839,
1556,
698,
524,
245,
2156,
899,
323,
1330,
1065,
763,
1239,
-279,
505,
-229,
231,
-216,
-631,
-148,
183,
907,
123,
-235,
184,
-197,
859,
-821,
-896,
-186,
-813,
-930,
276,
512,
96,
372,
240,
832,
727,
15,
-1234,
-584,
-386,
-596,
-1111,
-567,
42,
333,
447,
338,
188,
743,
-180,
315,
567,
127,
563,
483,
91,
298,
431,
109,
125,
-158,
15,
512,
436,
566,
823,
-680,
-335,
-259,
-379,
-396,
-497,
-515,
-413,
-417,
-666,
-220,
167,
-422,
-735,
-72,
12,
196,
-21,
73,
-804,
-462,
-388,
-408,
-833,
626,
159,
102,
379,
605,
29,
869,
443,
384,
740,
245,
35,
-61,
126,
-494,
162,
210,
-468,
128,
596,
962,
8,
318,
-303,
-290,
146,
50,
-179,
66,
645,
836,
719,
285,
328,
290,
368,
527,
543,
342,
-465,
-219,
373,
-126,
-65,
338,
-102,
-128,
-319,
84,
-36,
700,
93,
-112,
-375,
15,
-545,
-199,
-53,
663,
101,
-280,
-398,
-27,
-468,
87,
-413,
-250,
602,
675,
233,
-50,
-100,
276,
84,
-578,
497,
83,
964,
-659,
-870,
-93,
769,
2,
466,
-131,
300,
625,
996,
81,
-28,
1012,
76,
-59,
-160,
-880,
-499,
-685,
-191,
-382,
-376,
-345,
319,
-759,
-46,
-391,
-927,
-358,
-286,
52,
238,
-326,
-494,
140,
-752,
-56,
-128,
-571,
263,
-248,
-532,
-37,
-685,
153,
-203,
759,
427,
474,
22,
-694,
13,
25,
-186,
826,
-751,
-580,
74,
756,
964,
-93,
1093,
-173,
828,
241,
439,
-108,
-77,
237,
751,
650,
-764,
170,
736,
46,
285,
-53,
461,
293,
509,
610,
-240,
-526,
-340,
-53,
-463,
-287,
235,
90,
-179,
32,
-644,
-709,
-760,
28,
252,
-141,
-150,
426,
977,
-376,
-416,
408,
-27,
-723,
-932,
3536,
2175,
3343,
532,
48,
2816,
2858,
153,
2035,
-636,
88,
-272,
-455,
-139,
-1313,
-1352,
107,
-641,
-818,
96,
-791,
1290,
329,
728,
809,
-334,
-271,
551,
-122,
-506,
330,
607,
-314,
-867,
-580,
-764,
-517,
-579,
844,
-42,
203,
-462,
-472,
-681,
69,
-295,
132,
44,
-343,
-165,
-712,
284,
677,
-254,
-610,
-37,
254,
-908,
-194,
375,
314,
264,
-206,
-97,
-930,
-291,
-101,
296,
138,
274,
-790,
-978,
578,
25,
494,
-148,
235,
-518,
140,
-237,
1092,
-609,
-104,
594,
-287,
550,
-256,
213,
-640,
-443,
-248,
38,
-1049,
-592,
-605,
-197,
5,
-573,
-660,
-294,
77,
498,
679,
-431,
-787,
288,
-644,
-439,
-768,
-1058,
425,
-484,
363,
-306,
371,
-183,
-253,
-185,
-464,
-822,
-699,
-1506,
216,
-458,
-370,
137,
701,
-842,
-562,
244,
-391,
-1036,
398,
909,
80,
590,
-64,
-875,
-880,
-142,
345,
-287,
-989,
-364,
-1059,
-2,
-959,
-337,
-800,
-212,
101,
-247,
-122,
-490,
-704,
668,
-338,
-450,
-547,
-888,
-421,
-644,
-951,
624,
-634,
-1048,
-670,
-328,
5,
-487,
239,
-112,
138,
360,
-1034,
-914,
-931,
643,
536,
-5,
-709,
-58,
259,
254,
-548,
-448,
516,
-829,
810,
318,
-57,
102,
517,
-253,
-204,
-578,
13,
127,
730,
-238,
508,
-905,
-315,
-846,
-639,
-338,
142,
281,
22,
-662,
-294,
-344,
299,
-226,
-1018,
-17,
-1017,
-904,
-245,
-93,
175,
575,
405,
-323,
-1211,
696,
77,
-839,
57,
77,
247,
-213,
587,
-182,
-629,
-55,
-923,
-1058,
-143,
-906,
-1335,
-207,
-34,
-477,
-540,
-133,
-858,
-244,
147,
164,
71,
-665,
32,
-455,
296,
-994,
-95,
15,
-323,
-1124,
684,
-684,
241,
872,
947,
-335,
264,
94,
-236,
-450,
70,
24,
89,
-773,
-826,
-195,
-335,
-356,
325,
-1219,
4,
-211,
184,
46,
-850,
-368,
144,
-128,
-637,
-89,
-649,
-289,
-61,
-766,
-706,
-293,
-1243,
-784,
-563,
-1437,
131,
-494,
-774,
-382,
497,
-625,
85,
-267,
108,
-690,
-504,
188,
-64,
-310,
168,
-896,
-223,
-128,
-302,
245,
-679,
-1544,
-254,
-275,
-249,
-645,
118,
183,
210,
160,
884,
-731,
175,
319,
-285,
-503,
773,
-795,
-102,
-24,
-464,
-338,
61,
-1075,
468,
-714,
597,
-586,
173,
-7,
7,
353,
-726,
-50,
-430,
237,
-620,
-1101,
507,
-318,
-637,
-386,
130,
399,
-406,
-960,
-87,
1101,
-29,
1296,
-882,
-334,
-250,
-65,
881,
882,
-123,
154,
-981,
824,
-457,
-1202,
-205,
60,
-206,
-866,
129,
-311,
270,
-63,
155,
-458,
-258,
-385,
-872,
-92,
-55,
-565,
707,
-711,
-264,
-714,
-317,
470,
684,
-411,
-649,
36,
407,
-596,
-8,
-494,
100,
-207,
-391,
212,
582,
-930,
-7,
50,
-497,
-1564,
-49,
-597,
507,
-769,
48,
-436,
-218,
-402,
-142,
-1272,
-694,
61,
-1063,
129,
198,
-403,
288,
613,
-169,
-134,
-537,
38,
-385,
532,
-3,
-123,
29,
95,
328,
-891,
723,
53,
397,
-1371,
-527,
-101,
-193,
-718,
485,
-141,
275,
147,
576,
-639,
-639,
-628,
-302,
-595,
257,
-211,
1008,
-235,
834,
-354,
-434,
501,
-1039,
175,
113,
-100,
-621,
-604,
-934,
-505,
-122,
644,
271,
-1241,
387,
542,
-553,
-190,
345,
-649,
266,
-404,
9,
167,
-315,
-576,
386,
-325,
-385,
-226,
-137,
-271,
-141,
581,
1037,
-140,
220,
-614,
113,
-109,
-465,
-203,
579,
-542,
473,
469,
-236,
795,
-267,
-826,
16,
-297,
-344,
-506,
-595,
-1262,
15,
-649,
201,
75,
71,
139,
-321,
-37,
560,
-361,
-326,
121,
-109,
-265,
-21,
243,
-525,
-458,
1155,
677,
594,
150,
553,
313,
-443,
69,
786,
207,
-921,
-442,
271,
-237,
332,
561,
969,
-546,
-750,
-31,
235,
-651,
309,
-592,
-417,
-219,
10,
-319,
-329,
-338,
128,
-200,
440,
-114,
362,
-655,
544,
-420,
115,
-803,
-186,
-402,
606,
334,
451,
127,
-374,
432,
421,
-568,
-827,
-807,
-154,
403,
-197,
300,
-153,
684,
1942,
656,
-292,
