# classifier._QL_REPLACED__INTEGERIZE_PACT_LIN_PASS_0 (shape [1000]),
313,
85,
59,
69,
99,
94,
122,
6,
9,
-38,
25,
63,
8,
18,
59,
16,
-16,
32,
11,
-1,
5,
47,
36,
54,
-20,
70,
106,
76,
79,
95,
110,
38,
80,
126,
114,
97,
126,
108,
36,
75,
75,
36,
40,
26,
45,
16,
71,
34,
95,
80,
124,
36,
3,
-20,
1,
28,
-29,
-6,
52,
-8,
11,
54,
75,
-3,
-3,
15,
-41,
12,
-25,
-14,
-44,
12,
-20,
-61,
-7,
-62,
-41,
-41,
-2,
15,
-7,
-21,
28,
29,
55,
66,
42,
-6,
48,
29,
10,
10,
-1,
70,
-18,
47,
49,
14,
-13,
19,
-26,
49,
65,
136,
42,
19,
64,
59,
12,
51,
8,
-23,
22,
47,
98,
36,
62,
11,
140,
71,
18,
86,
70,
48,
81,
-21,
38,
-15,
24,
-25,
-37,
4,
14,
60,
12,
-10,
13,
-15,
51,
-39,
-42,
-13,
-57,
-47,
7,
46,
-1,
39,
8,
75,
64,
-8,
-94,
-46,
-38,
-47,
-84,
-49,
-11,
18,
16,
19,
22,
46,
-9,
18,
23,
-10,
25,
6,
-4,
13,
9,
-12,
6,
-19,
-31,
14,
24,
34,
51,
-58,
-13,
-12,
-37,
-36,
-34,
-41,
-36,
-40,
-62,
-15,
5,
-31,
-56,
-5,
-9,
2,
-8,
-7,
-75,
-46,
-29,
-33,
-57,
26,
0,
-5,
18,
31,
2,
49,
23,
22,
47,
6,
-8,
0,
7,
-29,
17,
10,
-53,
11,
28,
58,
-9,
24,
-32,
-25,
-8,
-14,
-24,
9,
42,
60,
40,
15,
11,
-1,
10,
19,
24,
22,
-41,
-28,
5,
-21,
-14,
20,
-17,
-16,
-31,
-9,
-14,
49,
-1,
-15,
-38,
-9,
-42,
-3,
-12,
31,
-3,
-34,
-42,
-24,
-40,
8,
-25,
-9,
29,
37,
23,
-2,
-10,
12,
2,
-32,
30,
-14,
45,
-55,
-52,
-26,
48,
-12,
13,
-10,
16,
22,
47,
-1,
2,
65,
22,
-11,
-4,
-53,
-36,
-38,
3,
-16,
-7,
1,
23,
-33,
-4,
-34,
-43,
-34,
-39,
4,
24,
-36,
-13,
7,
-60,
-23,
-16,
-40,
16,
-16,
-25,
12,
-53,
15,
15,
70,
40,
30,
-3,
-28,
23,
19,
14,
69,
-22,
-69,
-31,
55,
66,
-6,
71,
-22,
42,
18,
22,
-14,
-7,
-8,
21,
17,
-83,
-13,
59,
7,
42,
4,
36,
10,
41,
37,
-12,
-27,
-14,
18,
-38,
-28,
12,
12,
-18,
6,
-38,
-37,
-27,
16,
26,
9,
1,
41,
71,
-30,
-25,
21,
-14,
-42,
-43,
222,
143,
218,
41,
16,
177,
167,
16,
148,
-39,
-1,
-29,
-17,
-17,
-82,
-85,
25,
-62,
-55,
6,
-54,
72,
18,
46,
59,
-16,
-20,
39,
0,
-65,
4,
37,
-18,
-35,
-35,
-39,
-47,
-36,
53,
-5,
9,
-28,
-47,
-32,
21,
-38,
10,
-2,
-26,
-9,
-52,
26,
44,
-10,
-50,
-2,
19,
-63,
-14,
12,
9,
34,
-6,
-33,
-83,
-20,
6,
-7,
9,
38,
-72,
-50,
37,
0,
15,
-6,
21,
-55,
15,
-19,
64,
-53,
21,
36,
-22,
25,
-20,
-4,
-48,
-36,
-21,
-2,
-62,
-24,
-38,
-10,
4,
-41,
-45,
-9,
3,
28,
72,
-29,
-69,
28,
-60,
-58,
-57,
-65,
30,
-21,
1,
-41,
21,
-22,
-26,
-20,
-33,
-43,
-54,
-93,
26,
-40,
-28,
-4,
34,
-69,
-41,
28,
-25,
-76,
34,
44,
4,
40,
-9,
-72,
-56,
-15,
10,
-26,
-61,
-36,
-84,
-13,
-48,
-17,
-69,
-14,
-10,
-15,
8,
-37,
-41,
40,
-9,
-36,
-57,
-57,
-46,
-54,
-74,
29,
-56,
-69,
-41,
-25,
-10,
-30,
14,
-4,
25,
41,
-85,
-83,
-59,
52,
36,
-13,
-50,
-1,
8,
21,
-14,
-30,
44,
-78,
64,
7,
-25,
10,
38,
-4,
-28,
-50,
0,
6,
52,
-16,
33,
-54,
-34,
-42,
-47,
-20,
23,
26,
-12,
-40,
-14,
-29,
10,
-13,
-82,
-30,
-74,
-45,
-19,
-16,
28,
32,
47,
-34,
-81,
35,
22,
-64,
2,
-10,
3,
-2,
53,
-26,
-70,
-12,
-55,
-64,
-27,
-52,
-99,
-35,
-9,
-15,
-37,
12,
-61,
-37,
-10,
20,
19,
-39,
-9,
-13,
2,
-66,
-34,
10,
-47,
-90,
60,
-47,
11,
80,
45,
-36,
17,
1,
-7,
-48,
-2,
5,
-11,
-40,
-78,
-7,
-20,
-24,
16,
-83,
6,
-19,
15,
2,
-53,
-27,
13,
-35,
-35,
-3,
-44,
-38,
-3,
-51,
-33,
-20,
-86,
-31,
-48,
-78,
-5,
-46,
-56,
-20,
21,
-32,
23,
-18,
0,
-62,
-46,
-5,
10,
-18,
9,
-47,
-39,
0,
-26,
11,
-61,
-94,
-15,
-15,
-11,
-30,
6,
14,
13,
10,
57,
-53,
21,
19,
-36,
-51,
56,
-39,
-14,
-4,
-46,
-13,
-8,
-67,
17,
-63,
16,
-58,
31,
16,
-1,
36,
-49,
18,
-24,
25,
-31,
-66,
16,
-38,
-57,
-21,
21,
29,
-11,
-47,
-8,
77,
-17,
98,
-60,
-45,
-14,
-13,
53,
65,
-16,
28,
-66,
60,
-35,
-94,
-29,
-24,
-14,
-62,
19,
-8,
0,
-13,
-15,
-39,
-10,
-17,
-45,
-5,
-19,
-31,
42,
-53,
-24,
-48,
-21,
29,
41,
-29,
-45,
-7,
22,
-35,
0,
-36,
32,
-11,
-30,
19,
31,
-82,
14,
1,
-39,
-89,
4,
-42,
25,
-53,
19,
-34,
-15,
-19,
-2,
-81,
-39,
5,
-79,
5,
26,
-37,
4,
31,
-32,
3,
-34,
-10,
-25,
34,
-5,
-9,
-3,
3,
23,
-71,
38,
31,
21,
-89,
-23,
-21,
6,
-34,
33,
-28,
28,
0,
26,
-57,
-55,
-53,
-35,
-52,
28,
-17,
71,
-30,
40,
-24,
-41,
45,
-55,
14,
-5,
-9,
-32,
-43,
-68,
-60,
-23,
52,
26,
-73,
19,
32,
-50,
-2,
29,
-49,
0,
-31,
-18,
-8,
-23,
-39,
10,
-34,
-50,
-29,
2,
-19,
-18,
47,
66,
-17,
16,
-51,
-7,
-2,
-35,
-28,
39,
-43,
46,
20,
-14,
38,
-15,
-50,
-29,
-17,
-15,
-32,
-51,
-89,
6,
-45,
7,
17,
-15,
16,
-32,
-17,
32,
-22,
-13,
12,
-5,
-9,
12,
48,
-10,
-16,
101,
65,
64,
19,
54,
37,
-16,
9,
65,
27,
-45,
-22,
24,
5,
45,
47,
81,
-25,
-39,
-1,
13,
-50,
34,
-25,
-14,
-32,
12,
-20,
-40,
-26,
-7,
-12,
29,
6,
53,
-23,
26,
-29,
10,
-43,
-16,
-31,
37,
22,
47,
-5,
-27,
18,
43,
-42,
-74,
-58,
13,
49,
9,
44,
-10,
71,
155,
62,
-25,
