# features.15.residual_branch.2._QL_REPLACED__INTEGERIZE_BN2D_SIGNED_ACT_PASS_15 (shape [7, 7, 160]),
26,
105,
-51,
-94,
32,
53,
97,
4,
-93,
-6,
-128,
-47,
-1,
-4,
101,
-82,
-103,
-128,
25,
17,
3,
7,
5,
27,
50,
-123,
127,
-78,
11,
-50,
114,
-115,
-6,
-2,
-89,
-10,
65,
-13,
90,
72,
81,
-22,
-30,
-128,
-6,
-11,
-59,
4,
116,
27,
-128,
127,
-66,
24,
28,
-112,
125,
-64,
102,
81,
29,
-121,
-25,
-128,
-87,
-128,
-58,
-35,
84,
0,
-28,
-84,
51,
-17,
7,
-15,
17,
-31,
-50,
-37,
-42,
-51,
-45,
126,
-4,
-15,
3,
49,
6,
74,
-80,
-23,
-16,
30,
29,
13,
21,
-29,
38,
55,
19,
-9,
21,
77,
-128,
95,
-20,
-18,
-75,
-2,
-16,
127,
-16,
-16,
-9,
-8,
-12,
-15,
49,
-38,
-110,
33,
-55,
75,
1,
-20,
13,
-79,
34,
-127,
-15,
27,
39,
17,
-74,
-9,
14,
-27,
57,
-24,
-14,
69,
-75,
-109,
-24,
-84,
125,
48,
-82,
-5,
-90,
9,
25,
-115,
127,
56,
48,
-75,
58,
72,
28,
30,
0,
-21,
10,
-7,
26,
-3,
6,
-15,
-30,
-7,
2,
8,
-15,
18,
-6,
-7,
-12,
1,
-16,
6,
-23,
11,
-13,
12,
-4,
-10,
32,
7,
-10,
-23,
9,
-8,
-35,
-18,
0,
-3,
30,
-4,
-18,
3,
-20,
-65,
1,
-4,
9,
12,
13,
-20,
-30,
10,
-3,
8,
1,
-18,
31,
-17,
1,
33,
-11,
8,
19,
-29,
-15,
-14,
1,
-10,
28,
-13,
-1,
-13,
-9,
-2,
30,
-8,
-13,
-25,
-20,
32,
-24,
3,
7,
1,
-3,
12,
-2,
-2,
1,
13,
18,
2,
-6,
24,
24,
-18,
3,
-2,
-6,
-3,
-2,
28,
9,
17,
-20,
18,
-8,
25,
4,
-1,
-4,
1,
-9,
-17,
-9,
1,
27,
-6,
1,
-6,
-25,
-18,
10,
25,
0,
18,
11,
-8,
1,
-21,
14,
-1,
18,
3,
7,
-17,
16,
-2,
3,
12,
8,
4,
-8,
-27,
-20,
-26,
5,
3,
-23,
25,
-7,
-42,
-23,
-38,
59,
21,
13,
-24,
17,
-12,
13,
-6,
4,
-1,
6,
-8,
1,
-30,
7,
-8,
-2,
2,
6,
-12,
-10,
19,
-15,
8,
-5,
22,
6,
-12,
9,
-8,
-13,
16,
-10,
4,
11,
3,
-12,
14,
-9,
-4,
15,
9,
-9,
-21,
27,
-7,
-11,
1,
-10,
-38,
-12,
10,
-2,
16,
-2,
-2,
-15,
-8,
11,
5,
0,
-1,
15,
-12,
4,
13,
-7,
20,
24,
-10,
-9,
5,
-4,
-6,
-4,
2,
-12,
-3,
-17,
4,
19,
-19,
4,
-2,
1,
-18,
-23,
-18,
2,
-26,
0,
-3,
-4,
-7,
-19,
6,
23,
5,
2,
28,
10,
-8,
13,
0,
-9,
5,
5,
21,
16,
14,
-11,
16,
17,
-10,
11,
2,
3,
-14,
-19,
-13,
-7,
-2,
12,
1,
6,
-13,
-14,
6,
-6,
12,
-1,
11,
-3,
13,
21,
-30,
-6,
2,
10,
2,
2,
-14,
28,
4,
11,
4,
-13,
20,
19,
-3,
-19,
-19,
-5,
-2,
1,
21,
-2,
-3,
-24,
-13,
6,
6,
21,
-17,
-4,
-32,
19,
-14,
-3,
7,
11,
-6,
1,
-25,
3,
-3,
5,
-17,
7,
-11,
-2,
0,
-11,
7,
-10,
26,
9,
-10,
2,
-6,
5,
7,
-2,
6,
6,
2,
-12,
9,
-10,
-2,
11,
23,
-6,
-19,
18,
-14,
-14,
0,
-16,
-40,
0,
19,
-14,
11,
-10,
12,
-16,
-18,
-4,
10,
-7,
1,
11,
-12,
4,
21,
-22,
14,
19,
-18,
-6,
12,
-2,
-1,
-11,
7,
-22,
-1,
-13,
5,
22,
-14,
-3,
6,
-6,
-8,
-18,
-15,
1,
-18,
9,
-9,
0,
-11,
-17,
19,
15,
-3,
-5,
23,
22,
-4,
29,
1,
-3,
-9,
-4,
19,
6,
7,
-3,
18,
13,
-1,
-1,
6,
0,
-11,
-32,
-20,
-1,
-6,
9,
-6,
21,
-26,
-14,
12,
6,
15,
18,
10,
-8,
5,
11,
-25,
-14,
0,
26,
1,
4,
-4,
29,
-6,
16,
5,
3,
15,
15,
-1,
-22,
-21,
-6,
-3,
3,
14,
-3,
9,
-22,
-8,
6,
-3,
30,
-19,
-14,
-27,
10,
-1,
-8,
20,
3,
-20,
10,
-17,
-12,
1,
-9,
-24,
-2,
-7,
-8,
17,
-5,
24,
-20,
25,
18,
-12,
-9,
-2,
-3,
-13,
14,
-2,
18,
-7,
-7,
-7,
-13,
9,
-23,
22,
9,
-21,
22,
-6,
-14,
-6,
-24,
-24,
-5,
8,
2,
10,
-3,
8,
-12,
-12,
-7,
8,
-17,
8,
3,
14,
7,
32,
-8,
21,
6,
-15,
7,
5,
-14,
-3,
-4,
-2,
4,
0,
4,
-10,
18,
-5,
1,
-5,
-17,
11,
-21,
-3,
2,
-13,
13,
-7,
-3,
1,
-5,
29,
11,
-6,
7,
4,
18,
10,
28,
13,
6,
-25,
-14,
5,
-15,
-7,
-5,
18,
-15,
-4,
-22,
3,
4,
0,
-21,
-31,
9,
-4,
10,
2,
23,
-26,
6,
-2,
-17,
7,
4,
5,
-17,
-28,
-1,
-25,
1,
-8,
33,
-3,
16,
5,
21,
-2,
2,
2,
13,
5,
-3,
13,
-24,
-18,
-35,
3,
10,
5,
-4,
-5,
-14,
6,
9,
-8,
25,
-21,
-1,
-14,
-5,
5,
13,
-5,
-5,
0,
36,
2,
0,
0,
-28,
-9,
-13,
9,
12,
33,
5,
15,
-31,
4,
24,
2,
-19,
0,
-30,
-4,
22,
-10,
6,
-5,
17,
-14,
-12,
11,
-21,
10,
-12,
18,
15,
6,
14,
-5,
-2,
-9,
7,
-6,
21,
-5,
-13,
-16,
-22,
-21,
-7,
15,
-19,
19,
26,
13,
25,
23,
1,
-13,
-3,
-31,
-10,
-1,
14,
-10,
6,
-23,
16,
-9,
1,
9,
17,
12,
-18,
-19,
-33,
25,
4,
-13,
-11,
-11,
5,
-22,
10,
1,
13,
28,
10,
18,
20,
14,
22,
-4,
19,
6,
-28,
-22,
16,
-16,
-21,
0,
-22,
45,
-11,
-2,
-11,
-6,
4,
30,
-25,
-7,
-5,
7,
-11,
-11,
-8,
13,
-1,
-9,
-11,
16,
8,
4,
-7,
-16,
-5,
-30,
8,
-17,
7,
-12,
-1,
3,
-11,
-4,
5,
-7,
14,
1,
5,
-16,
-12,
-8,
-34,
0,
-8,
17,
2,
-22,
-6,
-27,
51,
-5,
14,
-26,
9,
17,
1,
71,
-22,
-79,
15,
54,
78,
-16,
-32,
6,
-118,
-43,
-9,
2,
75,
-34,
-65,
-74,
-17,
14,
-4,
2,
-4,
25,
14,
-51,
90,
-36,
13,
-39,
70,
-82,
-15,
15,
-45,
2,
32,
4,
46,
39,
76,
-40,
-18,
-77,
-4,
-5,
-36,
-9,
64,
16,
-79,
70,
-43,
16,
11,
-73,
90,
-12,
51,
55,
-2,
-68,
-30,
-108,
-54,
-64,
-29,
-26,
80,
-18,
-5,
-45,
53,
-20,
16,
4,
-7,
-29,
-41,
-24,
-13,
-49,
-30,
73,
14,
-42,
16,
34,
-6,
59,
-50,
-8,
1,
14,
37,
-5,
42,
5,
-9,
14,
37,
-36,
-18,
41,
-96,
79,
-8,
-2,
-57,
-12,
-7,
81,
-58,
12,
-8,
-2,
-21,
-10,
3,
-13,
-67,
10,
-41,
80,
12,
-13,
-1,
-29,
17,
-87,
-18,
10,
39,
21,
-51,
-14,
-17,
-19,
29,
-16,
-24,
48,
-40,
-72,
-17,
-60,
86,
26,
-44,
19,
-31,
-13,
27,
-98,
99,
9,
44,
-64,
16,
76,
-3,
50,
3,
6,
34,
-13,
15,
-10,
1,
-6,
-36,
8,
-28,
-18,
13,
3,
0,
-19,
6,
5,
27,
24,
-29,
27,
8,
-28,
9,
-10,
9,
-23,
14,
-35,
24,
-19,
-27,
-30,
9,
-31,
7,
15,
-16,
6,
18,
-43,
-3,
-12,
-1,
-5,
12,
-15,
-30,
12,
4,
0,
-2,
-15,
9,
-15,
19,
23,
5,
-32,
-2,
-36,
-11,
-20,
-8,
-29,
47,
0,
4,
-30,
30,
-10,
17,
-12,
10,
-13,
-19,
44,
-4,
14,
-19,
7,
11,
4,
-16,
-5,
-2,
-1,
-6,
16,
-13,
-8,
17,
-13,
11,
5,
1,
14,
-5,
7,
1,
-13,
-35,
18,
-4,
5,
-5,
10,
13,
34,
3,
-1,
-6,
12,
17,
-6,
5,
-10,
-1,
14,
16,
-2,
6,
8,
4,
7,
5,
-35,
2,
-15,
17,
10,
16,
7,
3,
18,
7,
6,
8,
-5,
-7,
-39,
-11,
-24,
7,
21,
-16,
28,
-9,
1,
13,
-43,
58,
22,
9,
-16,
17,
-3,
12,
23,
-13,
23,
10,
-4,
-6,
5,
-22,
0,
-3,
15,
-12,
-9,
-22,
3,
-4,
-3,
-16,
2,
-4,
13,
-5,
1,
-15,
-11,
9,
-10,
20,
-5,
-6,
-3,
3,
-13,
-19,
-8,
-14,
-42,
7,
-7,
-22,
0,
2,
-15,
-2,
-6,
5,
9,
-10,
-2,
-12,
1,
11,
13,
-3,
3,
12,
7,
4,
6,
9,
-1,
4,
-13,
-6,
-4,
-12,
-4,
0,
21,
6,
-12,
13,
4,
12,
4,
24,
-12,
11,
26,
-11,
-16,
0,
-18,
1,
5,
4,
-21,
1,
-9,
0,
8,
-6,
19,
8,
8,
4,
-1,
8,
11,
1,
16,
-4,
-8,
-12,
6,
-7,
2,
26,
15,
-1,
-2,
10,
-21,
-7,
8,
3,
0,
-2,
-19,
5,
4,
-4,
-9,
-9,
18,
-5,
9,
11,
-14,
3,
-29,
21,
11,
16,
-2,
30,
9,
7,
-3,
6,
7,
-4,
-5,
-8,
-15,
-32,
2,
22,
20,
-13,
-10,
-5,
-3,
2,
8,
-20,
-6,
18,
-20,
16,
20,
-13,
-15,
17,
14,
-7,
-22,
-13,
0,
-15,
4,
18,
-34,
-11,
3,
-17,
-21,
8,
6,
14,
11,
21,
-10,
5,
-12,
-5,
-11,
0,
-7,
7,
14,
-8,
5,
-13,
18,
2,
-10,
23,
-15,
-10,
6,
-4,
-36,
-26,
-1,
-2,
24,
7,
7,
-11,
9,
-21,
16,
1,
-25,
21,
-20,
25,
8,
-29,
-2,
18,
-16,
-18,
10,
-24,
-20,
18,
22,
21,
-9,
14,
-8,
25,
-24,
7,
-21,
14,
-24,
-40,
-16,
-14,
-3,
17,
-9,
19,
-6,
-1,
-8,
10,
-2,
-18,
28,
16,
-5,
11,
4,
13,
-7,
-9,
0,
11,
17,
-6,
25,
13,
-6,
11,
-5,
-1,
-14,
-8,
-10,
-12,
3,
4,
4,
2,
-6,
-5,
10,
-3,
22,
-3,
12,
-15,
14,
18,
-33,
-26,
-14,
28,
8,
24,
-11,
35,
7,
16,
-7,
-11,
15,
19,
-24,
-16,
-29,
-12,
34,
-8,
-3,
-7,
-1,
-9,
-18,
15,
-12,
17,
-9,
-3,
-16,
9,
11,
-6,
-2,
13,
15,
-2,
-26,
-16,
5,
-6,
-5,
25,
-16,
-8,
1,
-5,
-16,
0,
-3,
22,
11,
5,
6,
5,
-14,
-1,
0,
3,
6,
-2,
12,
8,
-7,
-12,
13,
9,
-6,
10,
-11,
-11,
-1,
-1,
-20,
-7,
-9,
1,
12,
1,
4,
-12,
-3,
-6,
17,
-8,
-10,
8,
-15,
13,
4,
-14,
5,
5,
-21,
-7,
18,
-10,
-15,
7,
18,
16,
-15,
5,
-4,
29,
-10,
17,
-8,
20,
-21,
-29,
-17,
-5,
-13,
15,
8,
18,
-7,
2,
-11,
9,
0,
-1,
17,
10,
2,
5,
9,
11,
-2,
-10,
-4,
3,
5,
4,
16,
8,
9,
15,
-9,
-4,
-18,
-9,
-12,
2,
4,
-4,
7,
4,
-13,
-14,
2,
2,
27,
-4,
10,
-6,
2,
-3,
-19,
-20,
-10,
33,
10,
21,
-5,
36,
3,
17,
-2,
0,
2,
12,
-24,
-5,
-16,
-29,
15,
-9,
-1,
1,
9,
-20,
-20,
2,
-19,
14,
-5,
-17,
-14,
-5,
13,
9,
20,
9,
8,
0,
-19,
-5,
-5,
0,
-10,
15,
-3,
-9,
2,
-9,
10,
-4,
-2,
12,
10,
-16,
9,
4,
-10,
12,
-11,
14,
-4,
-9,
7,
7,
-8,
-7,
8,
8,
-22,
5,
2,
-21,
-16,
3,
-9,
3,
6,
0,
2,
-6,
-6,
-19,
-18,
1,
10,
-16,
24,
9,
1,
1,
6,
-4,
13,
-6,
-8,
9,
14,
-14,
0,
7,
1,
15,
-9,
-1,
-6,
28,
-4,
0,
-13,
3,
-7,
-22,
-9,
6,
-18,
4,
1,
-11,
-7,
-3,
13,
9,
-8,
11,
4,
12,
7,
10,
3,
11,
-4,
-14,
3,
-6,
-3,
3,
5,
0,
4,
3,
-13,
1,
3,
-13,
-16,
12,
0,
4,
-9,
22,
-13,
-3,
-2,
-4,
7,
-9,
5,
-3,
-9,
-10,
-19,
-4,
-3,
39,
7,
22,
-5,
33,
-11,
10,
-11,
10,
-4,
6,
3,
-9,
-6,
-36,
-5,
8,
4,
9,
9,
-24,
6,
-23,
-11,
11,
-14,
0,
-19,
4,
9,
4,
24,
2,
-9,
19,
-6,
-4,
-5,
7,
8,
-9,
10,
-14,
14,
2,
32,
-10,
-7,
17,
1,
-1,
-11,
9,
0,
6,
-16,
17,
-11,
0,
5,
15,
-3,
-12,
9,
5,
-7,
2,
3,
-20,
-15,
11,
15,
-6,
2,
7,
6,
-16,
11,
-19,
-14,
1,
14,
-16,
17,
5,
14,
4,
6,
-10,
12,
-2,
-12,
10,
6,
-10,
-5,
3,
3,
14,
-5,
3,
9,
17,
0,
-22,
-11,
-16,
12,
-13,
9,
-1,
-14,
11,
-23,
4,
-16,
2,
11,
19,
21,
5,
-8,
17,
-5,
15,
22,
1,
-13,
-18,
-18,
-9,
-7,
-9,
16,
-6,
-6,
-3,
-18,
5,
14,
-14,
-15,
13,
-6,
1,
-9,
4,
0,
26,
-6,
-21,
3,
-6,
6,
4,
-15,
-13,
-10,
6,
3,
19,
-5,
20,
0,
4,
-9,
0,
-13,
11,
-7,
2,
18,
-2,
-3,
-45,
7,
8,
0,
7,
13,
-8,
-7,
8,
-8,
24,
-11,
9,
-3,
8,
25,
0,
23,
-6,
-23,
21,
-19,
0,
-9,
-18,
10,
-13,
12,
4,
17,
13,
28,
-4,
1,
27,
7,
-6,
3,
1,
-5,
15,
0,
11,
-8,
11,
-13,
1,
5,
0,
-2,
3,
5,
3,
3,
-6,
-5,
14,
9,
-5,
4,
15,
8,
-24,
3,
-15,
9,
-9,
8,
-7,
7,
10,
-4,
30,
5,
-12,
-2,
3,
-7,
-13,
4,
-22,
-7,
12,
-12,
16,
-9,
-7,
5,
28,
11,
-12,
-18,
-13,
10,
18,
7,
-13,
-7,
22,
-6,
-6,
-14,
-2,
10,
11,
30,
12,
-8,
13,
-3,
17,
-4,
-30,
-16,
-7,
8,
-20,
-15,
-18,
19,
-17,
-10,
-11,
-1,
12,
23,
-17,
9,
-11,
8,
2,
0,
12,
12,
21,
-4,
-14,
30,
-7,
5,
-6,
4,
-3,
-13,
4,
-14,
18,
13,
14,
12,
-12,
-2,
7,
-19,
-3,
-15,
12,
-1,
-16,
-3,
-29,
-2,
3,
20,
12,
11,
-1,
-10,
35,
-13,
2,
-10,
3,
2,
-6,
14,
11,
16,
16,
2,
11,
-6,
-3,
-17,
-9,
22,
-17,
13,
-7,
15,
17,
1,
3,
4,
-3,
1,
-13,
-4,
-6,
-19,
-3,
-3,
4,
10,
-4,
-15,
3,
-10,
-15,
-13,
-3,
-39,
2,
9,
-29,
-5,
11,
-6,
9,
-3,
11,
1,
-4,
-1,
0,
-6,
2,
1,
0,
3,
5,
10,
12,
8,
8,
-2,
-4,
-12,
0,
-11,
-8,
-2,
6,
8,
-6,
-5,
15,
4,
7,
-8,
1,
-4,
7,
26,
-18,
22,
-7,
-12,
-8,
-9,
9,
-8,
-7,
1,
2,
-2,
-19,
2,
26,
-4,
14,
0,
-2,
-8,
-1,
7,
-6,
-18,
-11,
8,
-11,
-2,
18,
-2,
1,
8,
19,
-7,
-17,
-10,
11,
-17,
-5,
-10,
12,
16,
12,
-9,
0,
1,
-3,
-6,
19,
-4,
-4,
-15,
-9,
-1,
12,
4,
12,
12,
7,
-11,
-2,
6,
-4,
-3,
15,
-11,
-10,
6,
15,
24,
-11,
11,
12,
-7,
-13,
12,
-2,
-5,
10,
-17,
1,
-5,
10,
17,
13,
-7,
-8,
2,
-13,
-6,
-2,
11,
-1,
-3,
-27,
0,
-4,
12,
0,
5,
-3,
0,
-2,
-9,
-6,
-19,
5,
3,
8,
-3,
-6,
5,
11,
-4,
-6,
-4,
1,
-5,
-5,
-2,
-29,
3,
4,
0,
-5,
-7,
10,
17,
-5,
-4,
-10,
-11,
-4,
-4,
-4,
14,
-2,
-3,
-24,
-12,
-2,
-14,
-10,
-2,
2,
3,
-5,
3,
12,
10,
-12,
2,
-5,
5,
3,
-5,
-1,
2,
14,
0,
-1,
10,
5,
-13,
-7,
-14,
3,
0,
1,
-14,
3,
2,
-6,
5,
0,
9,
0,
2,
11,
15,
1,
15,
-6,
-16,
9,
-1,
-1,
-1,
0,
-12,
9,
-10,
7,
5,
-1,
-10,
5,
-17,
-10,
-3,
25,
17,
6,
-10,
-15,
-4,
3,
12,
6,
2,
-7,
7,
3,
3,
24,
3,
11,
0,
15,
-1,
2,
2,
4,
-6,
4,
8,
-29,
-6,
32,
5,
6,
-14,
13,
12,
-4,
1,
-1,
-3,
8,
-10,
5,
1,
3,
2,
1,
6,
-3,
-6,
-15,
-4,
0,
-5,
19,
-13,
-13,
-12,
-7,
-2,
19,
5,
-4,
6,
10,
-15,
29,
-10,
17,
6,
7,
-1,
-12,
-5,
14,
2,
-9,
-8,
16,
20,
3,
-4,
-12,
8,
7,
-3,
-13,
-12,
12,
12,
-3,
-7,
-6,
12,
-19,
-1,
6,
1,
1,
-9,
-30,
-28,
-11,
-14,
-7,
3,
3,
-3,
-4,
0,
14,
9,
-1,
6,
-5,
-5,
7,
-9,
-2,
1,
18,
-22,
5,
11,
-5,
-12,
9,
-3,
9,
-3,
9,
-16,
19,
2,
-3,
-8,
-6,
21,
-2,
4,
10,
4,
12,
16,
-5,
-2,
7,
-19,
-8,
2,
3,
-18,
2,
-19,
1,
6,
9,
-15,
-1,
-4,
-9,
1,
14,
16,
0,
8,
-15,
-18,
-13,
21,
-19,
7,
-9,
11,
12,
-4,
29,
7,
4,
-10,
2,
-7,
-6,
-3,
16,
-24,
7,
10,
-16,
1,
24,
-3,
0,
9,
13,
-1,
9,
-7,
-1,
19,
0,
1,
-1,
-5,
11,
5,
-21,
0,
0,
-14,
-1,
-7,
27,
-13,
13,
-9,
-13,
-10,
7,
13,
14,
0,
-6,
0,
6,
-2,
15,
-3,
5,
15,
19,
3,
-13,
-12,
2,
-3,
1,
-10,
5,
22,
0,
-1,
-7,
-5,
-2,
7,
-8,
-7,
23,
13,
-2,
-1,
10,
-1,
4,
-8,
2,
17,
-7,
-4,
-22,
-21,
-13,
3,
-4,
9,
-1,
9,
1,
-9,
-8,
11,
5,
21,
-4,
-3,
6,
3,
-15,
6,
14,
-20,
-1,
14,
-14,
-14,
-10,
2,
11,
-2,
6,
-9,
17,
3,
15,
-30,
-2,
16,
-3,
20,
5,
-4,
7,
9,
-8,
-8,
7,
-25,
0,
-1,
-2,
-4,
-4,
-29,
-4,
-8,
7,
-19,
-4,
-7,
-2,
-1,
21,
7,
14,
12,
-18,
-19,
2,
10,
-27,
23,
-11,
21,
16,
-14,
19,
1,
-2,
-13,
0,
-9,
0,
-2,
18,
-13,
9,
8,
-23,
-14,
21,
-16,
1,
1,
19,
-2,
-6,
5,
3,
23,
2,
-10,
0,
3,
20,
3,
-12,
-5,
0,
-9,
1,
-7,
22,
-22,
8,
0,
-4,
-5,
4,
28,
7,
-2,
-2,
7,
-19,
-8,
-4,
-2,
-2,
9,
12,
9,
-18,
-4,
1,
-7,
8,
-11,
2,
18,
1,
1,
-9,
-9,
-11,
5,
-2,
-8,
20,
2,
-6,
-17,
-3,
-6,
-1,
-3,
-13,
35,
-3,
6,
-19,
-18,
-12,
14,
-1,
16,
-1,
16,
8,
-6,
-5,
-6,
6,
13,
-1,
5,
17,
-7,
-19,
8,
-4,
-13,
2,
9,
-10,
-16,
-16,
-8,
3,
-3,
3,
4,
8,
2,
21,
-17,
5,
7,
4,
5,
-6,
-8,
-6,
6,
-17,
1,
7,
-26,
0,
14,
-1,
-14,
4,
-22,
-7,
2,
10,
-3,
4,
-30,
-4,
3,
18,
-4,
10,
-1,
-19,
1,
-1,
0,
-10,
24,
-4,
17,
23,
-9,
6,
4,
-2,
-12,
0,
-24,
6,
-4,
14,
-1,
-4,
17,
-27,
-18,
8,
-9,
10,
-5,
2,
5,
-8,
-3,
-12,
11,
1,
-10,
6,
13,
13,
14,
9,
-4,
4,
-1,
6,
-10,
6,
-11,
1,
9,
-20,
-1,
-8,
22,
9,
0,
8,
10,
-16,
-2,
3,
-2,
-3,
-15,
2,
-1,
-15,
6,
0,
-14,
-5,
10,
-3,
-1,
8,
6,
-24,
-9,
-5,
5,
4,
-4,
5,
3,
-4,
-4,
-2,
-7,
-5,
-9,
-11,
26,
6,
2,
-3,
-15,
-9,
2,
9,
-4,
4,
9,
-7,
-10,
-7,
-14,
8,
-3,
0,
5,
26,
-13,
-13,
-1,
-7,
-4,
1,
5,
-7,
-15,
7,
-14,
-13,
-9,
-2,
2,
9,
3,
5,
-11,
20,
-12,
13,
-7,
-4,
-6,
-15,
8,
-5,
-4,
0,
-4,
-4,
4,
3,
-15,
-1,
1,
-9,
-7,
8,
-6,
10,
-38,
6,
0,
18,
3,
3,
-7,
-28,
14,
0,
-15,
-6,
7,
6,
18,
10,
-4,
8,
4,
-1,
-7,
-3,
-23,
18,
-5,
3,
14,
6,
3,
-26,
7,
9,
8,
13,
3,
2,
0,
7,
-5,
10,
9,
3,
-10,
10,
10,
-7,
11,
3,
-1,
9,
-5,
-3,
-3,
6,
-8,
-12,
15,
-4,
15,
8,
26,
3,
0,
-1,
-2,
-11,
6,
-4,
-6,
7,
-11,
13,
-6,
-4,
-12,
1,
-9,
-9,
18,
4,
-5,
9,
7,
-20,
-12,
-8,
2,
5,
-1,
11,
2,
-18,
-1,
-7,
-3,
-6,
-1,
-7,
5,
0,
-3,
11,
4,
-3,
5,
4,
-8,
-12,
-5,
-7,
1,
-4,
-5,
7,
-4,
9,
-6,
24,
-8,
-3,
-5,
-11,
7,
1,
-1,
-11,
-24,
6,
-4,
-4,
-8,
-8,
-3,
7,
4,
-8,
-6,
21,
-6,
10,
-5,
-17,
-6,
-10,
11,
-9,
-15,
0,
11,
-24,
-6,
2,
-16,
4,
18,
2,
-3,
-11,
-4,
3,
-19,
1,
2,
23,
13,
-4,
1,
-14,
12,
0,
-7,
0,
-4,
4,
-8,
1,
3,
10,
16,
-9,
-4,
6,
-21,
18,
-6,
2,
8,
-7,
-6,
-21,
4,
11,
20,
4,
17,
-4,
-1,
17,
6,
19,
5,
-7,
5,
-11,
9,
4,
6,
10,
9,
-8,
0,
-4,
-9,
-14,
11,
-6,
0,
-10,
6,
6,
12,
4,
5,
2,
2,
-19,
-2,
2,
-17,
-7,
-7,
-16,
14,
-5,
-8,
-11,
-7,
7,
-3,
-16,
-12,
9,
10,
-14,
-6,
17,
-1,
10,
-12,
3,
9,
-16,
-11,
-1,
-9,
-1,
5,
3,
4,
-6,
7,
3,
9,
-9,
-8,
-13,
2,
0,
0,
-2,
11,
11,
4,
-4,
-2,
5,
6,
7,
-5,
-6,
3,
4,
18,
-14,
20,
-9,
-5,
-11,
-12,
1,
-9,
-3,
16,
-13,
-5,
-9,
5,
2,
-10,
9,
-5,
-1,
9,
-12,
9,
-10,
-16,
-8,
0,
-15,
1,
8,
15,
8,
-1,
19,
3,
-20,
-11,
11,
-27,
-2,
7,
18,
-2,
11,
-14,
1,
-3,
-1,
11,
17,
2,
5,
-3,
-3,
-8,
10,
6,
7,
9,
7,
3,
-17,
1,
-6,
-2,
29,
7,
-1,
17,
23,
7,
4,
5,
15,
2,
-9,
-5,
-4,
11,
8,
-18,
-7,
4,
9,
-10,
-15,
-20,
-8,
11,
8,
-1,
13,
-7,
18,
-6,
-26,
-2,
15,
10,
7,
21,
10,
-10,
-21,
-18,
-7,
2,
-23,
0,
3,
26,
-17,
14,
-17,
-1,
15,
-13,
-3,
19,
6,
-7,
-9,
7,
7,
18,
13,
-16,
35,
13,
-21,
-16,
-1,
-10,
5,
-8,
2,
18,
-17,
14,
-30,
3,
-33,
18,
-11,
29,
6,
24,
28,
17,
18,
2,
-14,
25,
-2,
14,
-1,
-1,
-20,
-9,
-4,
-7,
-3,
24,
12,
-12,
-18,
-9,
-13,
-7,
15,
-6,
-6,
-10,
8,
-1,
-11,
-2,
-1,
-3,
-3,
-5,
2,
17,
-20,
-1,
21,
-15,
0,
22,
-19,
-4,
7,
-16,
2,
6,
-19,
1,
17,
-24,
-10,
10,
5,
-3,
-7,
-15,
-9,
-10,
-6,
21,
6,
24,
5,
8,
15,
-2,
7,
12,
-14,
2,
5,
-5,
3,
-6,
5,
16,
0,
25,
-32,
-5,
18,
-4,
11,
-12,
1,
23,
-12,
-4,
-6,
11,
2,
-7,
-13,
-16,
9,
-8,
-35,
-25,
-3,
3,
27,
0,
29,
-19,
18,
-20,
-30,
8,
30,
8,
12,
29,
-2,
-6,
-7,
-22,
2,
-8,
-17,
20,
-1,
30,
-21,
5,
-20,
1,
18,
-20,
3,
27,
-4,
-20,
-12,
-7,
5,
25,
5,
-26,
42,
16,
-17,
-22,
2,
-12,
1,
-23,
4,
30,
-22,
5,
-40,
-14,
-23,
29,
-4,
31,
8,
19,
36,
10,
9,
4,
-12,
28,
-2,
23,
-11,
1,
-36,
14,
-5,
-15,
8,
32,
11,
-18,
-31,
-5,
-8,
-7,
15,
-8,
19,
-8,
18,
-28,
-13,
2,
3,
17,
2,
-6,
14,
0,
-30,
12,
17,
-27,
-4,
24,
-19,
-8,
9,
-34,
-1,
-4,
-31,
-18,
12,
-13,
-4,
5,
18,
-3,
-6,
-15,
-6,
-13,
-31,
2,
-3,
31,
2,
11,
25,
-9,
4,
16,
-12,
-2,
5,
4,
6,
-16,
17,
14,
9,
32,
-31,
-16,
21,
-6,
16,
1,
3,
25,
4,
8,
3,
16,
3,
-7,
-8,
-23,
1,
-7,
-46,
-14,
-4,
8,
23,
-8,
34,
-18,
9,
-12,
-22,
11,
17,
14,
13,
18,
-8,
-8,
-12,
-32,
9,
13,
-10,
22,
-7,
16,
-21,
7,
-19,
-5,
21,
-32,
13,
42,
-4,
-12,
-18,
-1,
2,
22,
9,
-20,
46,
13,
-25,
-9,
11,
-19,
18,
-25,
7,
27,
-18,
13,
-39,
-12,
-15,
33,
1,
21,
8,
13,
24,
5,
-1,
3,
-3,
17,
-6,
15,
-15,
13,
-32,
19,
-12,
-21,
3,
26,
16,
-15,
-33,
3,
-8,
-4,
13,
-12,
31,
-9,
23,
-19,
-1,
-10,
1,
17,
-2,
-7,
10,
-11,
-16,
18,
9,
-23,
-1,
14,
-16,
-18,
1,
-36,
-4,
-10,
-23,
-22,
-6,
-12,
7,
10,
8,
-10,
-2,
-9,
-3,
-11,
-25,
-2,
-14,
27,
11,
17,
23,
-16,
2,
11,
-11,
-5,
9,
10,
7,
-22,
21,
14,
-10,
24,
-27,
-23,
17,
-7,
8,
1,
-14,
35,
0,
7,
7,
22,
-3,
-9,
-6,
-1,
9,
1,
-31,
-21,
-2,
-7,
15,
-7,
18,
-20,
12,
-10,
-11,
2,
8,
16,
13,
5,
-7,
3,
-18,
-24,
9,
12,
-10,
16,
2,
18,
-37,
5,
-13,
-2,
5,
-20,
10,
28,
1,
1,
-15,
13,
0,
10,
6,
-10,
22,
11,
-29,
-20,
-7,
-9,
0,
-21,
-6,
27,
-8,
8,
-26,
-10,
-21,
14,
9,
27,
4,
14,
27,
-5,
0,
4,
-6,
19,
-2,
8,
0,
-2,
-26,
27,
-17,
-11,
12,
14,
-8,
-25,
-24,
-1,
-10,
2,
1,
-3,
10,
-6,
13,
-17,
-8,
-6,
1,
1,
-13,
-8,
-4,
4,
-18,
11,
6,
-21,
5,
11,
-10,
-3,
-1,
-26,
-5,
-6,
-16,
-24,
-2,
-16,
-11,
10,
8,
-4,
1,
-10,
-6,
-6,
-9,
3,
-8,
26,
25,
9,
23,
-17,
8,
5,
-13,
-4,
2,
0,
4,
-23,
13,
12,
-15,
16,
-19,
-13,
20,
-6,
23,
0,
-13,
21,
-8,
3,
-4,
23,
1,
-16,
3,
11,
12,
2,
-11,
-20,
2,
-11,
-1,
-7,
19,
-23,
5,
1,
-12,
-2,
15,
17,
14,
-5,
-3,
13,
-15,
-7,
3,
7,
-11,
-8,
14,
17,
-36,
11,
-13,
-10,
-6,
-2,
6,
20,
6,
-3,
-20,
0,
-5,
6,
4,
-6,
6,
-1,
-9,
-5,
-10,
-6,
1,
-20,
-17,
30,
-8,
12,
-4,
-6,
-5,
8,
2,
12,
6,
17,
11,
-7,
-1,
8,
-4,
8,
-1,
9,
12,
-10,
-19,
13,
-7,
-7,
15,
-3,
-14,
-32,
-10,
-7,
-14,
4,
-20,
-3,
-5,
-11,
8,
-14,
7,
-10,
6,
-2,
-22,
-6,
-10,
-5,
-25,
0,
-3,
-19,
4,
7,
0,
-4,
4,
-21,
-3,
2,
-14,
-4,
-2,
-29,
-3,
4,
14,
-6,
8,
-7,
-7,
12,
-7,
8,
-2,
14,
24,
4,
14,
-3,
0,
4,
-12,
-3,
-7,
-5,
6,
-10,
1,
13,
4,
2,
-19,
-5,
14,
0,
26,
3,
-11,
12,
8,
17,
-5,
19,
-5,
-18,
7,
13,
-3,
4,
2,
0,
7,
-3,
-1,
-7,
6,
-14,
-20,
5,
-1,
19,
6,
17,
15,
-2,
-2,
0,
-17,
-8,
-11,
2,
-11,
-13,
9,
0,
-9,
2,
-3,
-11,
-17,
9,
3,
3,
7,
16,
-16,
-8,
2,
3,
6,
-2,
5,
-6,
-12,
5,
-4,
-10,
5,
6,
-5,
0,
-3,
0,
8,
9,
-5,
3,
12,
-4,
-6,
-3,
1,
-2,
5,
3,
6,
1,
9,
-5,
5,
-8,
-1,
-4,
-3,
-2,
-4,
5,
-7,
-24,
6,
7,
-9,
-3,
3,
3,
5,
-1,
-8,
-15,
13,
-6,
6,
7,
-15,
6,
-1,
4,
-2,
-21,
-3,
5,
-17,
-1,
17,
-11,
2,
4,
5,
-11,
-9,
-3,
3,
-13,
-2,
7,
17,
10,
4,
-3,
-4,
-5,
2,
-8,
2,
2,
20,
-10,
-1,
-5,
10,
15,
-6,
-4,
13,
-19,
14,
-3,
7,
16,
5,
-7,
-20,
9,
6,
15,
6,
3,
-3,
-3,
20,
11,
11,
10,
3,
1,
0,
3,
0,
13,
1,
21,
-7,
7,
-4,
-10,
-1,
16,
6,
9,
0,
-1,
10,
21,
-6,
-1,
-7,
-7,
-10,
-4,
-8,
-33,
-14,
-9,
-9,
11,
-5,
-3,
-14,
0,
3,
0,
-13,
1,
-2,
7,
-9,
1,
10,
-4,
11,
-14,
7,
6,
-7,
-15,
-8,
-2,
-13,
-2,
5,
10,
-14,
9,
6,
3,
-9,
-1,
-4,
2,
-3,
2,
13,
8,
17,
1,
0,
-2,
-10,
5,
7,
-3,
1,
3,
11,
-1,
-12,
8,
-22,
-17,
-2,
5,
1,
-1,
-11,
7,
-11,
-3,
-2,
11,
3,
-5,
-2,
-6,
-3,
4,
-13,
4,
-14,
-17,
-7,
-6,
-14,
2,
18,
1,
14,
-5,
25,
-3,
-22,
0,
-6,
-21,
-14,
-8,
18,
1,
12,
-8,
9,
-4,
3,
5,
11,
7,
2,
-13,
-12,
-3,
8,
12,
13,
11,
-13,
8,
-5,
14,
-5,
4,
33,
4,
-14,
10,
21,
7,
6,
6,
-2,
3,
-26,
-6,
-4,
14,
6,
-14,
1,
-3,
11,
6,
-6,
5,
-15,
1,
-12,
-6,
15,
0,
18,
-6,
-16,
-10,
-2,
10,
-2,
13,
11,
-5,
-18,
0,
-1,
-15,
-20,
-11,
-4,
17,
-10,
9,
-27,
-3,
-10,
-13,
-3,
15,
10,
-9,
-13,
9,
8,
12,
16,
-5,
19,
21,
0,
-9,
-14,
1,
-9,
-18,
-2,
8,
-18,
17,
-13,
-9,
-15,
17,
-2,
21,
4,
12,
24,
17,
7,
12,
-4,
21,
-10,
1,
2,
-2,
-9,
-3,
-3,
-7,
-1,
5,
-8,
-23,
0,
4,
1,
1,
-6,
-4,
-9,
-1,
-5,
1,
-9,
-4,
-12,
-14,
-6,
-7,
-10,
-3,
-17,
-10,
9,
-18,
-6,
6,
6,
0,
12,
-13,
25,
4,
-16,
0,
4,
-4,
-15,
-7,
3,
-5,
-8,
-10,
-5,
-6,
3,
9,
7,
20,
10,
7,
-2,
-5,
2,
3,
4,
4,
-15,
12,
1,
5,
3,
16,
5,
9,
-13,
5,
5,
-8,
8,
6,
-3,
21,
-18,
5,
3,
19,
0,
-10,
-1,
-15,
4,
12,
-17,
-6,
-11,
-11,
4,
-8,
26,
-11,
17,
-8,
-13,
8,
16,
13,
2,
23,
7,
1,
-14,
-16,
5,
-9,
-13,
13,
-10,
24,
-14,
7,
-14,
5,
-1,
-11,
2,
20,
-2,
-16,
-12,
11,
2,
24,
8,
-14,
15,
19,
3,
-17,
-18,
-7,
2,
-14,
4,
17,
-20,
12,
-25,
-12,
-18,
23,
-5,
24,
20,
12,
36,
8,
2,
12,
-3,
21,
-10,
8,
-4,
2,
-14,
4,
-3,
-15,
13,
12,
-6,
-20,
-3,
-3,
7,
5,
7,
-10,
14,
-3,
7,
-19,
-14,
0,
-16,
-12,
-10,
-10,
3,
-14,
-27,
15,
17,
-18,
-7,
6,
0,
-2,
10,
-24,
10,
5,
-12,
-13,
0,
8,
-12,
-6,
8,
-10,
-11,
-10,
-10,
-8,
-10,
3,
-4,
34,
14,
7,
6,
-13,
10,
0,
-6,
-7,
-18,
11,
-2,
-16,
6,
17,
3,
8,
-26,
-3,
11,
-17,
10,
6,
-10,
27,
-8,
7,
9,
17,
-4,
-12,
4,
-23,
-7,
7,
-19,
-3,
-5,
3,
15,
-3,
23,
-10,
23,
-6,
-5,
11,
8,
11,
11,
17,
-2,
4,
5,
-16,
11,
10,
-11,
12,
-11,
15,
-12,
2,
-11,
5,
-3,
-11,
14,
31,
-1,
-8,
-21,
5,
2,
34,
3,
-9,
17,
25,
-10,
-1,
-10,
-21,
6,
-19,
10,
12,
-20,
19,
-22,
-9,
-10,
21,
5,
17,
24,
16,
25,
21,
-10,
10,
14,
18,
-5,
4,
-3,
11,
-19,
4,
-3,
-20,
20,
3,
-9,
-14,
-9,
-1,
13,
-5,
6,
-7,
23,
2,
11,
-14,
-7,
0,
-21,
-6,
-16,
-5,
4,
-17,
-23,
12,
10,
-20,
-7,
2,
-2,
-11,
9,
-28,
7,
4,
-13,
-11,
-6,
8,
-1,
0,
7,
-15,
-6,
-3,
1,
-11,
-3,
13,
-9,
31,
25,
7,
17,
-11,
10,
-2,
-4,
-9,
-1,
15,
4,
-20,
5,
21,
-4,
1,
-36,
-4,
5,
-13,
9,
7,
-22,
24,
-4,
14,
9,
14,
-3,
-15,
4,
-2,
2,
4,
-6,
-4,
-10,
4,
9,
-8,
12,
-17,
10,
-3,
-5,
-6,
-2,
1,
12,
-7,
1,
16,
5,
-5,
0,
4,
-7,
-3,
0,
10,
-16,
-4,
-1,
8,
-2,
2,
15,
19,
-5,
5,
-23,
13,
1,
18,
10,
1,
1,
15,
-15,
0,
-7,
-10,
-6,
-16,
-4,
13,
-18,
25,
-9,
-10,
2,
2,
9,
11,
19,
11,
18,
10,
-2,
0,
3,
8,
-5,
0,
-6,
5,
-7,
7,
-6,
-15,
15,
-6,
-12,
-13,
-9,
-5,
16,
-8,
-14,
-5,
0,
-2,
7,
-12,
-6,
1,
-12,
-8,
-16,
7,
-3,
-12,
-21,
1,
1,
-23,
1,
1,
10,
2,
8,
-23,
11,
-2,
-13,
-4,
-2,
5,
-9,
-2,
-7,
-4,
-1,
-1,
-2,
-11,
2,
13,
-10,
15,
24,
8,
22,
-12,
11,
-2,
-2,
-2,
-3,
6,
10,
-18,
8,
17,
-10,
0,
-16,
-9,
19,
-4,
23,
11,
-22,
20,
-4,
16,
1,
11,
2,
-7,
2,
11,
8,
13,
1,
-4,
4,
7,
2,
-8,
8,
-17,
2,
5,
-8,
-1,
2,
16,
7,
-11,
0,
15,
-17,
-13,
-18,
3,
-4,
-7,
12,
10,
-14,
4,
7,
-3,
-8,
4,
0,
12,
-14,
1,
-14,
2,
2,
9,
1,
-1,
3,
8,
-9,
-1,
-18,
5,
2,
-7,
-17,
11,
-12,
16,
-1,
-3,
-3,
12,
-6,
7,
9,
15,
6,
0,
-2,
-8,
9,
7,
-3,
11,
0,
6,
-11,
-3,
2,
-2,
-3,
-9,
-5,
-23,
-6,
-7,
5,
-1,
-15,
-7,
1,
-9,
9,
-5,
-5,
-12,
-5,
4,
-11,
-1,
-3,
9,
-18,
-6,
0,
-16,
-3,
-3,
13,
7,
7,
-5,
0,
6,
-12,
14,
-7,
-21,
7,
0,
7,
-6,
8,
-3,
3,
-5,
0,
-3,
-3,
10,
20,
3,
15,
-1,
3,
-2,
1,
-3,
-3,
-7,
17,
-4,
0,
9,
0,
1,
-24,
-2,
17,
-2,
17,
-1,
-14,
20,
-2,
5,
-2,
6,
9,
-6,
9,
6,
-5,
10,
5,
1,
8,
1,
1,
-9,
-4,
-3,
-18,
-1,
6,
19,
4,
13,
15,
-15,
-1,
4,
-12,
-10,
-8,
2,
-9,
-6,
12,
-5,
-6,
5,
0,
-8,
-12,
5,
-1,
-5,
-3,
21,
-17,
-2,
6,
10,
1,
3,
-6,
-1,
-8,
4,
-13,
-3,
4,
8,
-4,
0,
-16,
5,
14,
13,
2,
9,
9,
-3,
-2,
-4,
-6,
-2,
1,
-1,
8,
4,
11,
-2,
3,
0,
0,
-10,
-3,
-6,
-7,
2,
1,
-12,
2,
4,
3,
-4,
1,
2,
9,
-2,
-11,
-12,
1,
-19,
8,
13,
-10,
5,
-3,
15,
-11,
-27,
-6,
6,
-12,
-3,
21,
-4,
3,
3,
9,
-7,
-10,
-4,
1,
-15,
-3,
0,
8,
9,
4,
-7,
16,
-12,
6,
2,
-5,
1,
11,
-12,
-1,
-4,
12,
9,
-3,
-3,
12,
-15,
11,
-7,
3,
7,
10,
-9,
-11,
8,
8,
3,
6,
-1,
0,
3,
7,
1,
8,
-3,
9,
4,
-3,
0,
0,
11,
15,
19,
1,
16,
-4,
-8,
-11,
12,
1,
6,
-4,
7,
7,
3,
0,
-14,
0,
-9,
0,
-22,
-8,
-34,
-11,
-4,
5,
8,
16,
-10,
-7,
4,
-7,
7,
-1,
-21,
-10,
8,
1,
-3,
18,
-6,
9,
-9,
-4,
-4,
0,
-11,
-7,
11,
-8,
3,
6,
-10,
5,
16,
1,
1,
-12,
1,
-2,
-5,
-7,
-6,
13,
1,
15,
-9,
-1,
-4,
-7,
5,
-15,
-5,
-1,
-10,
-2,
-1,
-16,
-3,
-23,
-12,
12,
-1,
-3,
6,
0,
-22,
-15,
-10,
-10,
14,
-3,
-7,
3,
-6,
7,
3,
-9,
23,
-12,
-13,
-10,
-4,
-6,
-5,
-2,
16,
4,
6,
13,
-24,
-12,
11,
-9,
-6,
-2,
10,
13,
11,
7,
-11,
11,
-20,
4,
-9,
-1,
-8,
-2,
-15,
-12,
-1,
17,
-2,
21,
-6,
1,
-6,
-6,
4,
1,
13,
20,
2,
9,
0,
17,
10,
-21,
12,
12,
-14,
-30,
0,
-9,
4,
13,
-3,
-2,
-6,
12,
20,
2,
17,
3,
3,
-1,
-6,
-12,
-12,
8,
7,
-6,
-4,
9,
13,
-10,
2,
11,
2,
-3,
-20,
-6,
-29,
-20,
-2,
4,
8,
0,
-6,
1,
3,
-4,
-1,
2,
4,
-7,
-11,
1,
7,
13,
0,
8,
-2,
5,
6,
-7,
-6,
5,
7,
-13,
-7,
3,
7,
0,
23,
-14,
-17,
-4,
11,
3,
8,
7,
6,
15,
3,
-2,
3,
8,
-2,
-10,
-1,
3,
0,
-1,
-10,
-12,
-5,
-1,
-7,
-19,
-16,
9,
0,
-2,
-5,
-7,
-24,
-4,
0,
4,
-3,
-8,
1,
-12,
1,
-3,
-1,
-5,
14,
-14,
-10,
2,
-15,
-5,
3,
-10,
12,
0,
-3,
18,
-11,
-4,
8,
16,
5,
5,
2,
1,
-7,
-1,
7,
-6,
-17,
6,
-8,
-8,
6,
4,
2,
-3,
-10,
15,
-12,
19,
-19,
-2,
-4,
-4,
4,
-4,
19,
22,
6,
-12,
-4,
1,
0,
0,
13,
-2,
12,
-15,
-4,
-9,
10,
-3,
-7,
-6,
0,
8,
27,
11,
15,
-4,
2,
2,
1,
1,
-14,
11,
1,
7,
3,
-1,
13,
1,
-2,
1,
15,
-2,
-6,
-1,
-19,
-10,
7,
18,
5,
7,
0,
5,
14,
8,
3,
0,
10,
-8,
1,
4,
12,
3,
8,
7,
6,
0,
2,
-9,
-9,
-4,
3,
-16,
5,
8,
9,
-6,
3,
-8,
-6,
-4,
0,
-14,
11,
4,
1,
12,
11,
-13,
-2,
-1,
4,
-10,
11,
11,
10,
-3,
-3,
-3,
0,
-11,
-9,
-15,
-9,
-1,
0,
8,
0,
0,
-14,
1,
-8,
5,
-11,
-12,
0,
-1,
-3,
-8,
3,
9,
1,
-17,
15,
-1,
-16,
-18,
-6,
-1,
4,
-2,
-3,
20,
-4,
2,
-3,
3,
7,
12,
3,
-3,
-5,
-1,
7,
-11,
-15,
12,
-11,
-8,
4,
9,
8,
7,
-6,
9,
-6,
6,
-17,
-15,
-3,
-10,
-4,
10,
9,
14,
9,
-5,
-10,
-5,
-3,
5,
-7,
1,
11,
-17,
0,
-12,
3,
11,
0,
-2,
-10,
4,
17,
-1,
11,
-4,
13,
8,
0,
14,
-15,
8,
-1,
9,
9,
-4,
8,
-2,
-4,
-4,
17,
14,
-7,
-3,
-10,
-4,
15,
1,
0,
2,
11,
11,
13,
12,
9,
-4,
18,
-8,
0,
-6,
5,
11,
17,
9,
-1,
2,
4,
-18,
3,
10,
-10,
-5,
-8,
3,
12,
-4,
11,
-2,
-9,
-9,
12,
-12,
15,
25,
2,
7,
19,
-21,
-1,
1,
2,
-3,
3,
21,
13,
2,
-5,
0,
5,
-1,
-16,
-19,
-12,
-1,
4,
13,
-6,
4,
-21,
3,
-14,
12,
-16,
-8,
-9,
-3,
-2,
-3,
2,
4,
-1,
-15,
3,
1,
-26,
-15,
-5,
3,
-6,
2,
2,
4,
-9,
-1,
10,
-13,
7,
6,
1,
0,
-16,
16,
4,
1,
-23,
8,
8,
-13,
2,
9,
5,
13,
-8,
0,
-4,
6,
-13,
-3,
2,
-10,
-6,
15,
7,
7,
10,
-13,
-6,
-13,
-5,
15,
-2,
-3,
18,
-18,
17,
-2,
2,
16,
-5,
-12,
-1,
21,
14,
3,
-1,
-11,
-3,
-1,
-4,
3,
-21,
10,
5,
3,
-9,
-5,
10,
2,
-10,
-3,
18,
-2,
-3,
-14,
-5,
3,
13,
10,
-8,
-5,
9,
13,
4,
7,
2,
-4,
1,
-19,
9,
-2,
9,
6,
8,
13,
2,
-2,
2,
-16,
-4,
19,
-19,
3,
-2,
-5,
14,
1,
13,
-4,
-14,
-13,
4,
-3,
13,
21,
5,
14,
15,
-11,
1,
10,
-6,
1,
-3,
9,
12,
7,
-3,
-1,
9,
4,
-13,
-9,
0,
-1,
2,
9,
-15,
-12,
-28,
-5,
-19,
12,
-19,
-17,
-6,
-1,
4,
8,
-9,
-1,
6,
-18,
-12,
0,
-26,
-18,
4,
0,
0,
9,
-10,
-5,
-1,
-10,
16,
-13,
7,
16,
-4,
-8,
-12,
17,
16,
-9,
-20,
14,
0,
-12,
-6,
5,
11,
22,
-9,
-8,
6,
3,
-14,
-5,
-6,
0,
-15,
25,
0,
6,
18,
-6,
-6,
-4,
-5,
24,
11,
-13,
16,
-11,
17,
-3,
-2,
16,
-3,
-10,
17,
20,
25,
1,
5,
2,
5,
-4,
-14,
-2,
-20,
1,
16,
-7,
-3,
6,
20,
-2,
-15,
3,
16,
1,
-17,
-23,
2,
-3,
-1,
23,
2,
-7,
8,
-1,
-8,
-5,
8,
-5,
-4,
-20,
15,
0,
1,
13,
8,
13,
3,
-10,
0,
-13,
14,
-3,
7,
1,
-4,
-22,
7,
6,
9,
-2,
2,
-5,
0,
-6,
17,
15,
5,
4,
8,
-16,
1,
13,
-4,
-7,
10,
4,
4,
-9,
-5,
-15,
7,
-10,
-15,
-8,
-3,
-5,
3,
5,
-11,
-23,
-25,
-12,
-12,
17,
-1,
-13,
-14,
-8,
5,
6,
-5,
2,
10,
-12,
-30,
-1,
-8,
-14,
4,
8,
1,
11,
5,
-18,
-5,
-10,
22,
-4,
-4,
10,
-1,
6,
-2,
4,
10,
0,
-17,
14,
-11,
-11,
-8,
4,
25,
17,
3,
-11,
-3,
16,
-6,
0,
-18,
20,
2,
13,
1,
7,
12,
-23,
-5,
14,
-15,
21,
-2,
-7,
16,
-9,
8,
-2,
1,
-2,
-5,
7,
7,
-7,
22,
6,
-7,
9,
1,
-4,
-15,
-5,
9,
-10,
4,
-5,
16,
2,
15,
-5,
-19,
1,
5,
-4,
-9,
-19,
-9,
-9,
-12,
6,
-13,
-7,
7,
-6,
-17,
-7,
3,
7,
-7,
-14,
18,
1,
-6,
21,
-2,
-3,
3,
-3,
-11,
-14,
2,
6,
8,
4,
3,
-10,
-6,
-5,
5,
16,
11,
-2,
-1,
3,
-18,
-7,
-1,
-8,
-7,
-8,
3,
6,
-2,
8,
6,
-3,
0,
-5,
-2,
-9,
0,
-16,
2,
-2,
-4,
19,
3,
-1,
4,
-6,
-17,
9,
-6,
-12,
-10,
5,
-20,
-2,
17,
2,
5,
-12,
18,
-2,
-38,
-3,
-1,
-11,
-1,
15,
-3,
3,
9,
0,
-4,
-10,
2,
3,
-6,
-5,
3,
9,
20,
-11,
-4,
-1,
-3,
3,
-10,
-7,
-6,
-3,
0,
3,
4,
-1,
18,
10,
-7,
6,
-17,
16,
-8,
8,
6,
2,
-4,
-27,
5,
14,
2,
2,
-3,
2,
-2,
0,
-10,
15,
-1,
9,
4,
-12,
21,
-6,
6,
10,
12,
-15,
-4,
0,
-9,
-25,
0,
7,
-11,
5,
18,
-2,
-10,
16,
-2,
5,
-10,
-5,
-22,
0,
-23,
-4,
7,
-8,
-5,
15,
3,
0,
-7,
-4,
-2,
6,
-20,
-10,
13,
1,
8,
14,
3,
10,
-2,
-3,
1,
18,
-17,
-4,
6,
4,
-6,
3,
-16,
12,
18,
19,
10,
-5,
12,
-2,
2,
-24,
-12,
-6,
-19,
11,
-1,
10,
-3,
-6,
-10,
-28,
-10,
8,
1,
-4,
-5,
-27,
-5,
-14,
14,
16,
-5,
-14,
2,
11,
12,
1,
-5,
-14,
15,
2,
-3,
1,
-9,
-3,
10,
-15,
35,
5,
-8,
-4,
3,
-11,
-8,
-9,
3,
0,
8,
25,
-15,
-19,
1,
-8,
1,
-19,
15,
5,
20,
10,
-9,
10,
-19,
10,
-8,
10,
-16,
-2,
-10,
-21,
-7,
17,
-6,
11,
-2,
6,
-16,
-7,
-3,
3,
4,
-2,
8,
5,
3,
2,
13,
-19,
15,
22,
-13,
-3,
12,
2,
-2,
1,
9,
-2,
1,
9,
8,
1,
-6,
-4,
0,
-5,
-12,
-10,
-11,
-3,
-10,
-1,
18,
4,
3,
2,
-8,
0,
9,
-3,
-10,
-11,
-2,
-18,
-1,
-1,
7,
-1,
15,
-5,
-4,
-1,
5,
7,
-11,
4,
-1,
2,
-2,
13,
1,
9,
-2,
3,
4,
-2,
-13,
2,
-6,
-6,
-15,
-16,
5,
9,
26,
-10,
1,
6,
17,
1,
11,
-6,
-2,
-10,
2,
-2,
8,
16,
1,
-10,
-6,
-12,
-3,
7,
-4,
-11,
-7,
-12,
-2,
-4,
-4,
11,
6,
-17,
-6,
9,
-3,
10,
2,
-5,
2,
-1,
-6,
2,
-2,
0,
10,
0,
23,
-4,
-8,
-3,
4,
-14,
-8,
3,
-1,
0,
0,
14,
-4,
-19,
4,
8,
8,
-13,
1,
8,
8,
11,
-2,
-7,
-18,
-5,
-11,
1,
-9,
-2,
4,
-12,
-5,
11,
-6,
6,
-5,
-8,
-15,
-7,
0,
2,
8,
21,
21,
-11,
1,
-6,
0,
-13,
9,
9,
8,
7,
9,
-2,
14,
-8,
3,
-14,
-3,
4,
14,
5,
6,
-5,
10,
0,
-2,
0,
-11,
-1,
-3,
2,
13,
-1,
12,
6,
-6,
-7,
6,
0,
-10,
-9,
2,
-31,
7,
4,
-7,
-1,
0,
1,
5,
6,
-1,
4,
2,
1,
9,
-2,
0,
5,
2,
6,
2,
6,
6,
-7,
-4,
5,
-5,
-6,
-12,
-5,
7,
-5,
12,
-11,
-7,
4,
15,
5,
18,
6,
2,
-4,
2,
-5,
-8,
23,
2,
-10,
3,
-2,
0,
3,
2,
-7,
-4,
-18,
-9,
-8,
2,
2,
0,
0,
-5,
5,
-1,
11,
-1,
-3,
2,
7,
-13,
3,
5,
-2,
10,
9,
-1,
-10,
9,
6,
2,
-4,
-2,
0,
-13,
-6,
-14,
15,
-8,
-6,
-1,
6,
4,
-9,
-2,
7,
-4,
7,
-5,
-6,
-25,
5,
-4,
-2,
-11,
0,
19,
-1,
-8,
3,
-5,
1,
-6,
-11,
2,
-9,
-13,
10,
21,
7,
10,
-14,
8,
-14,
-2,
-2,
-12,
6,
2,
2,
-3,
-6,
14,
0,
4,
-7,
-7,
11,
5,
-3,
11,
4,
7,
3,
10,
12,
-8,
3,
-8,
6,
18,
-10,
11,
0,
-5,
-18,
3,
12,
-11,
0,
-8,
-12,
11,
-15,
-18,
-9,
6,
-2,
6,
17,
-10,
-3,
6,
1,
5,
5,
6,
17,
6,
0,
-6,
6,
-4,
-5,
2,
6,
-16,
-7,
-11,
-6,
26,
-3,
12,
-11,
-6,
2,
24,
3,
17,
25,
11,
-3,
9,
-7,
1,
18,
1,
7,
-12,
-8,
12,
9,
9,
1,
8,
-2,
-15,
-4,
-4,
-2,
4,
9,
-1,
10,
-3,
16,
6,
4,
3,
-9,
-9,
-4,
-2,
-3,
-2,
2,
-2,
-14,
3,
7,
-6,
4,
6,
10,
-12,
3,
-14,
0,
-2,
-1,
13,
0,
12,
5,
-2,
2,
-11,
6,
1,
-10,
-32,
1,
6,
-1,
-6,
12,
21,
-5,
-11,
-3,
-5,
-13,
1,
-5,
6,
-18,
-16,
11,
17,
7,
13,
-22,
8,
-26,
-5,
11,
11,
4,
19,
-25,
13,
-12,
11,
-3,
-5,
1,
8,
18,
4,
-2,
1,
8,
3,
2,
3,
0,
-13,
-2,
-14,
10,
3,
-12,
6,
3,
-12,
-9,
1,
9,
-7,
7,
-4,
-3,
1,
-21,
-11,
-14,
8,
5,
-5,
15,
-15,
-6,
-9,
5,
0,
21,
12,
8,
16,
5,
-5,
1,
2,
0,
-4,
3,
-19,
-1,
-9,
-9,
27,
7,
16,
-17,
-8,
5,
12,
2,
15,
10,
8,
-2,
-10,
-4,
17,
18,
-6,
8,
-8,
-10,
13,
29,
13,
-4,
7,
-1,
-18,
12,
3,
-8,
12,
-7,
-6,
16,
-6,
3,
-3,
-9,
-8,
-11,
4,
-11,
4,
-6,
0,
-9,
1,
-15,
1,
-4,
-12,
-13,
3,
-3,
2,
5,
-10,
-4,
11,
-5,
10,
-8,
5,
2,
1,
-5,
-9,
-11,
4,
2,
-11,
4,
3,
-13,
-4,
7,
20,
-4,
-12,
-12,
-2,
-16,
-5,
-7,
-5,
-21,
-19,
8,
9,
11,
22,
-16,
7,
-35,
-9,
18,
15,
1,
9,
-1,
5,
0,
17,
-2,
-2,
7,
14,
13,
9,
-16,
-5,
-1,
0,
-6,
-14,
-14,
-1,
7,
6,
-9,
20,
-2,
9,
0,
-17,
-4,
24,
0,
-18,
-5,
2,
2,
8,
5,
-8,
-7,
13,
-6,
-7,
0,
4,
-2,
-19,
-4,
13,
13,
15,
15,
0,
2,
-5,
-12,
-12,
-12,
7,
1,
-9,
6,
-1,
-24,
11,
2,
2,
-9,
9,
-3,
6,
4,
16,
9,
-8,
-3,
5,
-19,
11,
19,
9,
-2,
4,
-13,
8,
2,
8,
-13,
13,
-9,
-23,
6,
-13,
-19,
6,
-8,
-2,
9,
-25,
1,
0,
3,
8,
-1,
-6,
-1,
-3,
6,
-11,
4,
4,
-16,
-27,
6,
-3,
5,
-5,
3,
14,
7,
-4,
-18,
16,
-10,
8,
-11,
14,
-5,
2,
5,
-2,
-6,
5,
-1,
-15,
5,
-6,
-19,
-5,
7,
15,
-5,
-2,
-1,
-5,
2,
3,
1,
-14,
-2,
-15,
14,
9,
1,
11,
-30,
12,
3,
-5,
17,
2,
-1,
8,
-13,
-1,
-10,
8,
-5,
2,
5,
-1,
7,
1,
-4,
-7,
0,
2,
5,
-18,
-23,
3,
-5,
6,
-4,
25,
4,
-5,
2,
-9,
2,
0,
-1,
-4,
0,
12,
-13,
3,
-3,
-16,
3,
-3,
-17,
-15,
-5,
3,
10,
-10,
-5,
24,
10,
9,
11,
-4,
11,
0,
-3,
-19,
-1,
3,
11,
3,
4,
-8,
-4,
-18,
-7,
-1,
9,
1,
3,
11,
5,
-10,
-7,
-8,
-2,
-6,
1,
18,
10,
1,
15,
-3,
-19,
-1,
-6,
7,
-8,
-18,
-2,
-6,
-10,
-12,
-6,
7,
-10,
11,
3,
-7,
10,
3,
-10,
-2,
18,
-13,
12,
14,
-6,
-5,
-3,
5,
-17,
-33,
11,
-3,
-2,
-8,
11,
-1,
16,
3,
2,
19,
-7,
-11,
-11,
3,
-9,
20,
0,
22,
-21,
-6,
7,
-7,
6,
-2,
-13,
11,
-2,
-8,
-8,
-5,
-5,
3,
10,
-5,
-17,
-10,
10,
-23,
8,
2,
-3,
-6,
-20,
24,
-15,
-5,
5,
3,
10,
-15,
7,
-9,
20,
2,
3,
0,
