# features.13.residual_branch.2._QL_REPLACED__INTEGERIZE_BN2D_SIGNED_ACT_PASS_13 (shape [7, 7, 160]),
9,
48,
-59,
7,
-33,
3,
46,
-33,
2,
10,
22,
56,
30,
30,
11,
83,
32,
4,
-28,
35,
17,
-2,
-63,
7,
-41,
-10,
95,
-51,
-128,
-72,
-38,
2,
34,
33,
-28,
42,
-44,
-26,
-6,
4,
-31,
15,
65,
-62,
43,
-46,
-64,
-125,
-33,
-75,
3,
-20,
49,
-21,
-17,
-61,
27,
-20,
-58,
40,
-22,
-16,
-55,
-12,
11,
-11,
17,
-5,
-12,
-23,
27,
-45,
40,
-56,
44,
51,
-1,
-50,
-22,
-67,
80,
-8,
19,
-33,
0,
3,
-24,
-33,
-37,
-20,
-85,
-28,
126,
8,
-41,
-14,
25,
-6,
-128,
49,
-67,
7,
88,
-22,
-9,
68,
14,
20,
-2,
37,
-84,
23,
-27,
60,
39,
19,
45,
-37,
2,
19,
46,
100,
-47,
52,
-19,
65,
-42,
120,
-52,
31,
-48,
-18,
-32,
-5,
6,
127,
117,
77,
-18,
-29,
49,
4,
-78,
-18,
-79,
-39,
-128,
-77,
9,
-11,
12,
-19,
37,
4,
127,
-26,
18,
-53,
95,
-11,
9,
23,
-30,
24,
-16,
14,
18,
-31,
3,
-43,
32,
-13,
-7,
-7,
-24,
22,
13,
29,
-2,
12,
31,
18,
-19,
1,
-10,
-48,
-4,
-3,
-44,
-42,
25,
-1,
6,
18,
0,
19,
-17,
-11,
12,
-28,
-15,
-3,
-24,
-1,
-22,
-41,
-20,
-26,
-28,
-30,
16,
-20,
28,
-2,
-28,
9,
7,
52,
-44,
-1,
-7,
20,
14,
-22,
7,
-15,
-20,
-39,
-53,
-7,
-7,
-27,
-2,
26,
-3,
-48,
-2,
19,
-6,
-36,
-26,
-23,
18,
4,
-14,
17,
-5,
-14,
40,
-29,
-4,
20,
22,
14,
14,
-3,
6,
10,
-60,
9,
2,
14,
19,
-32,
27,
-12,
41,
12,
-48,
-33,
11,
-35,
49,
9,
-14,
-38,
-7,
23,
49,
-29,
20,
18,
-8,
-8,
-21,
-4,
-13,
30,
-12,
38,
29,
2,
-33,
11,
48,
45,
40,
61,
-7,
12,
19,
12,
-10,
28,
-7,
-26,
-78,
13,
21,
-23,
-12,
18,
-17,
19,
-7,
-43,
-3,
16,
14,
26,
47,
-38,
4,
12,
12,
-21,
-22,
-13,
-2,
29,
12,
7,
-6,
-3,
-19,
-11,
17,
40,
-23,
-10,
-42,
5,
15,
20,
4,
-56,
-10,
6,
8,
46,
-48,
15,
-2,
15,
-18,
17,
28,
20,
-11,
-12,
-4,
20,
-12,
-27,
40,
-20,
-43,
35,
-2,
-2,
25,
-50,
32,
22,
26,
-14,
25,
-7,
39,
24,
-7,
12,
19,
-6,
8,
-20,
-3,
8,
-29,
51,
12,
-10,
-3,
-45,
-15,
-41,
-23,
26,
26,
-27,
-15,
8,
10,
38,
23,
-4,
0,
-76,
1,
2,
7,
32,
-22,
-26,
-21,
-41,
65,
18,
-5,
26,
2,
33,
-28,
-10,
28,
32,
37,
-16,
-18,
-44,
-48,
-48,
56,
28,
-33,
-24,
-10,
38,
35,
-22,
-27,
33,
6,
10,
13,
-8,
-7,
1,
-1,
7,
20,
48,
1,
7,
9,
6,
14,
-9,
-20,
-43,
8,
-6,
-5,
-9,
-13,
15,
-1,
39,
-1,
-15,
31,
-7,
-18,
0,
2,
27,
-20,
11,
7,
15,
33,
-11,
8,
4,
22,
4,
-12,
17,
12,
9,
1,
11,
18,
-17,
-31,
2,
-24,
33,
1,
2,
30,
-3,
-13,
11,
-10,
-33,
-12,
-7,
6,
27,
-14,
9,
1,
19,
-33,
25,
21,
1,
-32,
-36,
-24,
19,
-22,
-25,
33,
-7,
-20,
13,
-34,
-17,
19,
-16,
2,
-14,
-15,
-5,
19,
-2,
-7,
51,
-9,
9,
8,
-8,
-8,
0,
16,
-5,
-1,
-9,
18,
-5,
-32,
-38,
-23,
-57,
-24,
28,
38,
-23,
-13,
17,
1,
31,
18,
-6,
-4,
-62,
3,
10,
-9,
48,
-14,
5,
-20,
-2,
59,
-9,
-19,
5,
24,
29,
-29,
-15,
31,
33,
16,
-3,
-35,
-43,
-10,
-54,
47,
-3,
5,
-12,
-33,
22,
13,
-24,
-21,
23,
5,
4,
-6,
8,
7,
3,
8,
16,
21,
32,
26,
24,
-10,
-3,
5,
5,
-13,
-14,
3,
21,
-12,
12,
-16,
-7,
2,
21,
15,
-4,
0,
13,
-5,
1,
13,
11,
-9,
39,
16,
3,
10,
23,
-13,
29,
7,
6,
8,
-9,
-11,
1,
1,
-19,
18,
19,
-23,
1,
-21,
32,
19,
-1,
39,
15,
-22,
3,
-23,
-11,
25,
19,
-4,
29,
30,
2,
-18,
-2,
-3,
11,
4,
-32,
-8,
-28,
0,
11,
-10,
2,
-6,
-16,
-5,
-8,
-37,
-15,
9,
-18,
-10,
-26,
-15,
4,
8,
25,
-11,
53,
5,
1,
-26,
-42,
-13,
37,
3,
-19,
-8,
0,
4,
2,
-52,
4,
-19,
-52,
-12,
32,
-35,
-25,
-3,
9,
-23,
18,
11,
-4,
-11,
-25,
-5,
-11,
-15,
34,
-12,
34,
7,
19,
13,
-11,
6,
-2,
16,
14,
-33,
-34,
29,
24,
4,
-1,
-72,
-5,
10,
-22,
33,
-12,
37,
-27,
12,
9,
-2,
-26,
-13,
-7,
-20,
0,
-12,
16,
4,
22,
1,
-6,
9,
14,
15,
1,
19,
-12,
18,
10,
-2,
13,
12,
23,
-15,
33,
-17,
-32,
-4,
23,
14,
10,
-11,
3,
-6,
22,
-15,
-5,
26,
49,
-13,
-22,
-20,
14,
-24,
-1,
-16,
1,
-8,
-12,
-17,
19,
8,
-29,
-1,
16,
8,
-14,
19,
12,
-2,
36,
-4,
15,
6,
-5,
9,
5,
4,
38,
-29,
2,
0,
4,
-1,
9,
-1,
-6,
-18,
2,
-19,
-17,
-4,
-6,
-4,
32,
-45,
-19,
17,
-4,
-21,
-35,
1,
-12,
11,
-21,
-6,
9,
2,
40,
12,
5,
-4,
-9,
1,
-9,
8,
5,
-4,
1,
4,
26,
6,
10,
-9,
10,
-31,
-22,
7,
32,
-65,
-8,
-25,
29,
-26,
-17,
12,
9,
19,
-9,
9,
17,
12,
29,
-10,
25,
-10,
31,
12,
18,
21,
22,
-17,
28,
1,
-12,
-14,
-3,
2,
-3,
-16,
-6,
-6,
26,
17,
-6,
-13,
-6,
2,
3,
8,
17,
21,
16,
23,
1,
-3,
-13,
2,
-1,
5,
3,
36,
9,
5,
-18,
28,
12,
14,
21,
-3,
9,
10,
26,
21,
24,
19,
-11,
-8,
5,
15,
6,
-21,
0,
-3,
17,
10,
-23,
27,
39,
-15,
14,
22,
25,
-29,
-8,
-15,
9,
29,
17,
-2,
-16,
32,
-8,
15,
-4,
9,
-34,
19,
19,
23,
-6,
9,
4,
-11,
-11,
-9,
-2,
25,
16,
-28,
-12,
14,
-4,
18,
28,
5,
35,
-4,
5,
-14,
-28,
-10,
26,
-7,
45,
-39,
-35,
-22,
4,
-44,
-30,
-8,
-28,
8,
-3,
-20,
-4,
-22,
15,
-37,
12,
34,
-31,
-16,
-14,
14,
-1,
-16,
-10,
-16,
56,
10,
12,
-15,
37,
11,
-37,
-13,
33,
-46,
-23,
-25,
-1,
-46,
-30,
9,
30,
39,
-29,
2,
-14,
37,
-15,
-23,
-8,
-11,
18,
48,
-35,
-23,
56,
-34,
38,
27,
-23,
19,
8,
48,
1,
-46,
-24,
0,
-9,
49,
-18,
-46,
-54,
-11,
26,
2,
-34,
10,
-2,
-18,
5,
-10,
-3,
-11,
30,
16,
-4,
41,
28,
-37,
4,
29,
48,
34,
34,
33,
20,
9,
13,
-10,
4,
-5,
-17,
-58,
-23,
13,
12,
37,
-7,
-17,
6,
24,
-34,
-7,
1,
30,
-8,
-6,
24,
16,
-15,
-31,
37,
16,
-19,
40,
-11,
3,
-12,
-15,
-4,
14,
10,
-5,
30,
-43,
16,
24,
13,
-25,
-2,
11,
1,
4,
-46,
-8,
-24,
49,
-19,
2,
13,
-34,
-10,
-16,
12,
41,
9,
5,
-22,
-41,
-3,
-14,
5,
-41,
-2,
-7,
-31,
-6,
5,
22,
-13,
-24,
19,
20,
40,
-16,
6,
13,
29,
-15,
-10,
-21,
29,
-50,
14,
-30,
-64,
14,
-16,
18,
32,
11,
1,
21,
-6,
-3,
-38,
-4,
-46,
24,
-23,
-23,
37,
-13,
-8,
24,
19,
-27,
-3,
-6,
39,
37,
18,
6,
42,
-39,
-6,
42,
50,
26,
-5,
-13,
42,
13,
-3,
-44,
-30,
0,
-47,
29,
-8,
-30,
7,
-18,
14,
24,
8,
11,
18,
2,
-26,
-21,
-12,
-12,
-3,
-12,
15,
47,
-39,
-33,
-20,
36,
23,
37,
31,
-13,
25,
19,
19,
29,
52,
11,
-6,
-62,
-3,
19,
-44,
-42,
61,
15,
-9,
7,
-19,
-15,
21,
-22,
12,
9,
-7,
6,
-6,
16,
-16,
14,
-19,
5,
-15,
30,
-12,
1,
4,
-1,
7,
-4,
14,
7,
16,
23,
-3,
2,
10,
20,
-4,
-3,
2,
6,
-14,
22,
19,
-1,
2,
-5,
19,
2,
-5,
-3,
4,
25,
-11,
-34,
-9,
12,
-4,
4,
6,
1,
-17,
-3,
-13,
3,
8,
-4,
-25,
8,
14,
1,
5,
9,
-20,
2,
-24,
-10,
15,
-8,
30,
-42,
-4,
24,
-22,
-1,
7,
-29,
-34,
42,
3,
-16,
-37,
11,
-23,
5,
-3,
3,
25,
-19,
1,
17,
-1,
-10,
28,
-12,
18,
-5,
-28,
7,
13,
-18,
-5,
1,
2,
-19,
13,
14,
4,
-6,
2,
-15,
-22,
14,
-30,
24,
5,
-8,
-10,
-14,
16,
40,
-11,
9,
23,
-20,
0,
4,
-31,
5,
-5,
-8,
5,
26,
-3,
-2,
4,
20,
-12,
40,
9,
-27,
-10,
-3,
-19,
27,
6,
-12,
-18,
-3,
13,
-4,
-9,
-6,
9,
-14,
-10,
-7,
9,
13,
15,
-19,
18,
50,
-13,
13,
-23,
39,
9,
-39,
-3,
-6,
-5,
29,
7,
-7,
-17,
-29,
-43,
36,
15,
7,
-3,
-42,
-44,
13,
34,
26,
-24,
61,
6,
13,
3,
-18,
42,
-17,
53,
-13,
94,
13,
50,
-23,
3,
25,
-14,
-44,
-14,
11,
25,
-48,
3,
-49,
87,
12,
-18,
-22,
59,
-28,
-60,
56,
-50,
29,
-4,
12,
11,
5,
0,
25,
14,
8,
36,
-19,
60,
66,
-39,
-44,
-20,
0,
-51,
24,
8,
19,
-7,
2,
28,
34,
0,
13,
0,
11,
-21,
1,
24,
-48,
27,
6,
-34,
-44,
-52,
44,
-22,
-45,
-39,
-7,
-6,
-45,
0,
-50,
-21,
34,
-33,
48,
-44,
-39,
-33,
41,
32,
-51,
-32,
-44,
36,
17,
-18,
-18,
70,
-15,
38,
12,
-24,
23,
27,
8,
14,
10,
-6,
-17,
28,
23,
-4,
6,
33,
-63,
-108,
-10,
-38,
33,
-21,
-36,
21,
12,
41,
-4,
39,
14,
-9,
28,
19,
-21,
22,
-23,
0,
12,
21,
25,
-9,
25,
-25,
60,
14,
-38,
-14,
-10,
10,
12,
-6,
1,
-8,
-12,
-34,
10,
12,
-16,
12,
4,
-33,
17,
18,
24,
-10,
35,
-16,
0,
-3,
4,
29,
-4,
49,
-11,
81,
-3,
14,
-3,
2,
12,
6,
-48,
3,
17,
38,
-41,
7,
-45,
57,
4,
-20,
-11,
22,
-25,
-62,
51,
-16,
31,
8,
20,
-11,
13,
-19,
16,
13,
9,
36,
-8,
47,
49,
-41,
-43,
-10,
-12,
-74,
36,
14,
10,
1,
1,
22,
25,
-3,
1,
-9,
-4,
-12,
-1,
8,
-21,
33,
0,
-19,
-27,
-1,
57,
-24,
-65,
-43,
5,
2,
-36,
-5,
-52,
-21,
31,
3,
31,
-47,
12,
-31,
24,
28,
-33,
-23,
-42,
19,
-1,
4,
-19,
43,
-12,
45,
21,
-8,
20,
-5,
0,
18,
-14,
-17,
-13,
9,
11,
-23,
28,
10,
-60,
-78,
8,
-2,
16,
-26,
-20,
-1,
22,
25,
1,
32,
20,
4,
5,
4,
-19,
13,
-12,
10,
10,
27,
9,
8,
4,
9,
17,
3,
16,
2,
14,
-2,
16,
-27,
9,
-5,
23,
2,
-15,
21,
-3,
3,
24,
-13,
-1,
4,
17,
-1,
26,
-5,
4,
12,
19,
9,
-14,
-15,
16,
18,
-17,
-37,
2,
4,
31,
9,
-9,
0,
-1,
-13,
31,
-8,
-14,
-8,
5,
8,
4,
-8,
-4,
-19,
8,
25,
22,
21,
1,
-26,
-15,
-41,
-25,
10,
-4,
-1,
-21,
-6,
-14,
-5,
7,
-23,
-28,
-32,
18,
23,
-45,
-20,
6,
-11,
-16,
-7,
10,
-10,
-30,
2,
-9,
6,
-20,
18,
-16,
20,
13,
11,
19,
2,
-4,
-7,
-4,
-1,
-28,
-22,
6,
-5,
3,
2,
-19,
13,
2,
-3,
28,
5,
-10,
-5,
-10,
23,
0,
-6,
-6,
-7,
-22,
-1,
-16,
-4,
4,
2,
-5,
8,
8,
-3,
6,
-10,
11,
-15,
-1,
-12,
-19,
2,
3,
7,
9,
23,
7,
-34,
26,
14,
4,
1,
-41,
7,
-4,
-1,
-18,
7,
28,
31,
-17,
-3,
-22,
5,
-29,
-8,
21,
13,
11,
19,
-5,
4,
-1,
-38,
-5,
-22,
20,
-3,
4,
25,
-15,
41,
8,
4,
18,
-1,
-3,
7,
15,
24,
-23,
14,
9,
7,
13,
-3,
13,
15,
-20,
-5,
-6,
-6,
25,
-20,
11,
-2,
-21,
-13,
49,
9,
0,
-17,
-2,
-19,
19,
-16,
-16,
-17,
6,
24,
40,
-1,
-21,
-27,
-5,
-26,
-11,
16,
-14,
12,
8,
0,
2,
3,
15,
-42,
-38,
-2,
26,
33,
-82,
-6,
-12,
14,
-10,
-32,
29,
-1,
15,
-3,
-21,
37,
-11,
5,
-21,
17,
-21,
22,
35,
15,
9,
8,
-18,
23,
-8,
-3,
-22,
-5,
-25,
-12,
-14,
-2,
6,
20,
20,
-8,
-16,
30,
-17,
9,
12,
14,
12,
5,
5,
9,
-5,
-14,
11,
-17,
14,
3,
31,
-5,
-5,
-10,
32,
3,
17,
6,
-15,
0,
8,
13,
45,
31,
18,
-6,
29,
2,
13,
13,
-28,
34,
3,
-1,
6,
-12,
48,
22,
-9,
-11,
2,
17,
-16,
11,
-1,
1,
10,
0,
-22,
12,
33,
-39,
3,
5,
-7,
-13,
9,
12,
2,
16,
17,
16,
-7,
-13,
14,
-8,
46,
21,
13,
25,
36,
-7,
-2,
-12,
27,
11,
9,
-7,
13,
19,
16,
-18,
12,
1,
-28,
2,
-1,
17,
-10,
-3,
-34,
13,
14,
-11,
-19,
-19,
13,
-2,
-9,
4,
-43,
-30,
-28,
-37,
4,
6,
-38,
19,
16,
26,
-10,
-17,
2,
10,
7,
18,
-22,
20,
-40,
-12,
6,
-5,
-19,
-38,
4,
-20,
-8,
-24,
-17,
11,
11,
2,
-17,
8,
-3,
7,
27,
-16,
-10,
17,
-5,
0,
1,
-3,
-14,
-1,
-40,
-11,
-31,
-13,
12,
5,
-11,
-9,
-41,
-5,
-34,
-13,
7,
-6,
14,
0,
-12,
5,
7,
-14,
2,
1,
22,
18,
19,
9,
3,
-17,
42,
6,
26,
-1,
-7,
19,
24,
-16,
22,
24,
4,
5,
-2,
6,
5,
23,
6,
39,
17,
30,
-20,
7,
38,
-7,
-5,
-1,
-14,
17,
16,
-19,
3,
-13,
23,
-15,
15,
-8,
5,
-18,
9,
21,
16,
2,
-12,
11,
-26,
-4,
15,
11,
-6,
-14,
15,
12,
12,
-9,
10,
-22,
22,
11,
11,
-11,
-12,
-19,
2,
-14,
9,
-11,
33,
0,
-17,
3,
9,
-11,
10,
-11,
2,
12,
1,
3,
3,
-30,
2,
-14,
11,
17,
18,
10,
15,
9,
-15,
-22,
-35,
23,
-39,
19,
-40,
-15,
4,
-28,
22,
4,
-6,
-12,
7,
-13,
-39,
-23,
22,
-18,
4,
-17,
12,
12,
-7,
6,
13,
-2,
-16,
10,
-21,
9,
5,
-7,
-10,
30,
13,
-6,
11,
2,
7,
-28,
-3,
16,
-10,
-24,
-36,
-33,
9,
-19,
10,
-24,
-19,
12,
-19,
7,
19,
4,
-12,
22,
-17,
-26,
-35,
-40,
6,
-28,
-13,
-2,
22,
-1,
2,
7,
20,
0,
37,
-3,
7,
3,
2,
-2,
23,
13,
14,
5,
-12,
-22,
13,
-30,
-6,
36,
-15,
-12,
18,
5,
9,
29,
-35,
12,
-6,
1,
10,
-21,
11,
-27,
13,
-3,
15,
-22,
15,
-9,
3,
3,
16,
26,
7,
-10,
-5,
10,
-2,
-10,
8,
11,
15,
3,
-10,
14,
16,
-14,
17,
6,
2,
19,
3,
6,
12,
-15,
7,
-17,
10,
-4,
-15,
15,
11,
-1,
9,
6,
11,
8,
-21,
10,
3,
-10,
-10,
-14,
-5,
2,
2,
6,
22,
12,
-13,
-12,
-7,
10,
-11,
19,
-32,
5,
6,
-3,
14,
1,
-18,
-5,
16,
5,
-11,
-22,
14,
-6,
-7,
0,
-5,
5,
-23,
3,
13,
-15,
-5,
1,
-4,
15,
5,
-4,
-8,
10,
10,
1,
1,
-2,
-8,
5,
21,
-12,
-17,
-13,
-3,
-6,
0,
4,
6,
-9,
-4,
-4,
-3,
-11,
15,
10,
-1,
6,
-4,
-5,
-8,
-33,
2,
-3,
0,
8,
11,
6,
-1,
-3,
7,
-3,
7,
0,
10,
-14,
2,
-12,
22,
0,
0,
-1,
10,
9,
0,
-20,
-6,
10,
-10,
5,
1,
9,
14,
9,
-12,
2,
2,
12,
19,
-43,
10,
-16,
-19,
-25,
12,
-3,
18,
5,
-6,
-8,
4,
2,
31,
11,
15,
7,
-24,
-28,
14,
9,
19,
-13,
8,
13,
20,
-25,
16,
4,
-11,
14,
0,
34,
-2,
11,
8,
-11,
18,
22,
-24,
1,
35,
31,
-19,
0,
-14,
50,
-26,
-2,
-32,
-19,
1,
-25,
28,
-9,
34,
-12,
19,
4,
5,
8,
11,
31,
10,
17,
-39,
22,
21,
-41,
-53,
-11,
-14,
-36,
46,
21,
-6,
-5,
27,
-17,
-24,
7,
-4,
20,
14,
-13,
34,
39,
-16,
25,
-13,
-10,
-10,
-29,
25,
-33,
-10,
-5,
-23,
-1,
-10,
-9,
21,
-5,
16,
1,
13,
-18,
-3,
-7,
12,
-12,
-27,
6,
-8,
20,
-5,
7,
-12,
29,
-23,
32,
17,
-39,
-5,
6,
-19,
-3,
-18,
4,
8,
-5,
-18,
-2,
6,
13,
-50,
-49,
-16,
-8,
3,
-41,
-29,
4,
3,
28,
-14,
-6,
30,
-18,
8,
-7,
0,
16,
6,
17,
20,
-12,
3,
1,
9,
-33,
-19,
-1,
-23,
-41,
-19,
6,
13,
6,
7,
-12,
-17,
10,
24,
-3,
-10,
-2,
-9,
-35,
11,
-6,
-1,
-5,
5,
-6,
33,
5,
-8,
-3,
9,
8,
4,
-10,
11,
-1,
1,
-7,
26,
22,
-14,
19,
22,
32,
-28,
24,
-2,
17,
-22,
5,
-18,
-15,
-24,
-34,
44,
2,
25,
-7,
1,
12,
14,
2,
24,
24,
13,
-2,
-11,
4,
-13,
-36,
-25,
-11,
-11,
-48,
25,
4,
4,
-13,
35,
-26,
-32,
34,
7,
2,
-17,
-11,
21,
44,
4,
12,
-6,
-11,
2,
-13,
17,
-7,
-18,
7,
3,
10,
-16,
-16,
-1,
7,
8,
4,
-6,
-13,
-5,
-11,
14,
0,
-19,
1,
9,
-1,
13,
24,
-28,
13,
-15,
16,
9,
-15,
9,
-20,
-27,
-17,
-35,
0,
-2,
34,
-22,
-2,
7,
32,
-48,
-53,
7,
-23,
4,
-36,
-37,
12,
-8,
17,
11,
-13,
39,
-30,
25,
-32,
1,
0,
8,
9,
13,
-20,
-4,
8,
-6,
-13,
-36,
-1,
-7,
-4,
-1,
0,
3,
-9,
17,
-8,
-17,
31,
-4,
-24,
8,
2,
15,
-9,
-4,
-6,
-14,
8,
-6,
4,
16,
20,
11,
11,
4,
-8,
17,
-28,
1,
-32,
-10,
-4,
29,
6,
-7,
20,
5,
-1,
18,
9,
-4,
-11,
-25,
21,
-4,
-11,
-20,
-12,
9,
6,
6,
17,
-9,
6,
-9,
-4,
0,
15,
3,
2,
-3,
8,
-35,
-9,
17,
-44,
-22,
-9,
22,
26,
-22,
-17,
8,
-6,
-13,
21,
1,
-3,
4,
10,
11,
17,
7,
7,
8,
35,
2,
-6,
10,
-4,
9,
16,
-8,
3,
3,
-19,
17,
-18,
8,
-27,
-21,
13,
3,
-3,
21,
-6,
1,
4,
5,
-13,
1,
-1,
-17,
6,
2,
1,
-5,
16,
4,
-13,
-6,
-23,
-8,
22,
-12,
27,
-13,
-9,
-24,
2,
-17,
-8,
-3,
-13,
25,
-14,
10,
-7,
-1,
8,
29,
8,
-13,
-16,
15,
-20,
-14,
-9,
22,
5,
-5,
-2,
-4,
18,
-8,
-20,
10,
16,
2,
24,
3,
-6,
3,
-20,
-8,
-10,
17,
-6,
1,
2,
10,
2,
11,
-25,
13,
11,
-22,
0,
-2,
12,
5,
17,
11,
2,
-1,
-22,
-1,
5,
-21,
-14,
1,
-6,
12,
-12,
-10,
2,
7,
-6,
36,
24,
2,
-5,
1,
10,
1,
-7,
-14,
-15,
-12,
9,
24,
-1,
1,
-15,
5,
-16,
-4,
17,
-2,
26,
-3,
15,
-25,
-3,
4,
-30,
-25,
13,
12,
14,
-41,
0,
-6,
-1,
3,
-7,
24,
11,
-1,
-6,
8,
28,
-23,
13,
-20,
17,
-6,
11,
-6,
5,
-7,
3,
-11,
21,
10,
-27,
22,
-26,
2,
-5,
-19,
7,
11,
1,
16,
-3,
-14,
12,
-25,
2,
-20,
5,
12,
6,
-13,
0,
-19,
3,
15,
-13,
4,
-8,
23,
8,
-18,
-10,
-2,
-4,
-6,
8,
-9,
-1,
-3,
-3,
28,
8,
15,
0,
21,
10,
18,
7,
-33,
37,
-4,
-12,
-12,
0,
32,
13,
10,
-20,
10,
17,
-12,
1,
-17,
-8,
2,
-4,
0,
-18,
16,
-24,
-2,
-7,
-34,
-15,
-4,
10,
12,
4,
25,
-3,
-15,
-8,
8,
-7,
32,
-18,
16,
9,
34,
-6,
6,
-26,
25,
-12,
14,
-33,
12,
6,
0,
-24,
17,
3,
-15,
-3,
-4,
9,
5,
-15,
-11,
43,
5,
-16,
-14,
-24,
9,
-16,
-24,
19,
-36,
-9,
-21,
-49,
5,
2,
-37,
15,
15,
9,
-18,
-15,
-6,
19,
12,
-2,
-22,
0,
-27,
-11,
10,
-11,
-16,
-20,
-5,
-34,
-24,
-28,
5,
4,
2,
-11,
-29,
5,
5,
6,
23,
-4,
-9,
37,
3,
17,
-19,
-14,
-1,
1,
-52,
-8,
-29,
-3,
4,
-23,
2,
-8,
-21,
6,
-51,
7,
-1,
-28,
0,
19,
-8,
16,
-16,
3,
4,
-6,
18,
38,
10,
5,
11,
-28,
30,
5,
16,
18,
-11,
5,
28,
-21,
11,
38,
1,
8,
-9,
0,
-12,
16,
-1,
23,
12,
22,
-11,
12,
8,
2,
-25,
-23,
0,
-6,
7,
-29,
-7,
-2,
14,
3,
7,
-18,
4,
-8,
-11,
-5,
11,
-3,
-13,
-15,
-11,
2,
-15,
0,
-10,
10,
-1,
-1,
7,
6,
42,
-16,
15,
-18,
2,
2,
15,
11,
14,
-11,
7,
-29,
11,
2,
0,
13,
7,
-6,
8,
14,
-18,
-3,
-8,
12,
19,
-6,
12,
3,
9,
1,
25,
-8,
-10,
16,
12,
-22,
0,
4,
-16,
11,
-21,
22,
-4,
1,
30,
10,
18,
19,
-14,
-13,
-20,
-6,
-5,
-27,
-9,
-6,
-16,
-2,
-6,
6,
-1,
-9,
5,
2,
24,
-1,
2,
-1,
12,
0,
12,
-4,
7,
3,
2,
9,
9,
-7,
-14,
-20,
-5,
-25,
-13,
-2,
3,
-11,
-13,
7,
-9,
-9,
1,
-5,
-11,
32,
-20,
-18,
-10,
-23,
2,
0,
-3,
17,
8,
11,
-8,
17,
-7,
-19,
-2,
21,
20,
9,
12,
-10,
20,
-2,
-8,
16,
-11,
19,
-13,
12,
9,
19,
-19,
0,
5,
0,
-4,
5,
-28,
-2,
30,
-13,
17,
-35,
26,
-36,
13,
0,
-22,
-24,
-11,
-8,
18,
-44,
-20,
16,
-42,
-31,
-25,
16,
-2,
-25,
-24,
26,
-13,
10,
-8,
3,
38,
20,
-3,
-10,
3,
-48,
-37,
-8,
16,
-8,
16,
-14,
6,
22,
-15,
-5,
29,
6,
6,
-33,
-16,
-9,
8,
-9,
15,
33,
-11,
12,
-29,
-7,
47,
-4,
12,
-12,
21,
-11,
25,
15,
31,
5,
2,
6,
-38,
18,
-37,
-8,
11,
11,
2,
17,
-12,
-15,
6,
19,
20,
10,
21,
-22,
-50,
25,
23,
24,
-35,
39,
30,
22,
-16,
1,
2,
10,
-14,
-6,
11,
5,
-28,
15,
-14,
2,
-28,
-17,
1,
-26,
2,
9,
15,
15,
27,
8,
12,
-10,
27,
32,
-6,
-2,
8,
-3,
-10,
-19,
-13,
-2,
9,
52,
-13,
33,
-24,
38,
23,
-13,
-17,
19,
-39,
-10,
43,
4,
-14,
-11,
5,
-11,
16,
22,
8,
2,
-5,
21,
-35,
-29,
12,
0,
74,
13,
-19,
-5,
22,
-11,
0,
-7,
-21,
15,
4,
-10,
-48,
-16,
-9,
-15,
28,
7,
-57,
29,
-46,
-5,
-2,
11,
40,
6,
-17,
-4,
9,
-7,
-4,
-20,
53,
19,
-35,
-29,
-18,
2,
1,
-36,
17,
1,
11,
7,
37,
14,
-13,
-54,
11,
-11,
0,
2,
-17,
-39,
-35,
-6,
21,
36,
-13,
10,
-23,
22,
23,
1,
-40,
33,
31,
43,
41,
13,
46,
-3,
11,
-29,
-28,
-3,
-46,
21,
-2,
8,
0,
-23,
-2,
-68,
-1,
2,
-31,
54,
8,
-33,
-32,
11,
69,
50,
2,
45,
19,
9,
-25,
-3,
-20,
14,
18,
20,
15,
32,
-8,
17,
-29,
-20,
-43,
0,
-10,
20,
-14,
-23,
-12,
0,
-12,
-10,
25,
-46,
49,
49,
-5,
0,
23,
8,
-12,
4,
-60,
-13,
-40,
30,
-7,
61,
13,
34,
-24,
6,
-51,
5,
-33,
15,
64,
-4,
-37,
-21,
-28,
-5,
-10,
-24,
19,
2,
-25,
-13,
8,
-36,
39,
2,
22,
15,
-9,
-26,
-13,
-32,
-20,
-19,
-51,
12,
13,
-26,
-58,
0,
-7,
-30,
12,
15,
-22,
16,
8,
10,
-60,
0,
-25,
-13,
-12,
-25,
19,
-33,
7,
-24,
49,
35,
-23,
-28,
7,
34,
13,
-15,
29,
35,
9,
15,
18,
1,
-34,
-25,
25,
1,
11,
45,
-15,
-30,
-49,
-9,
19,
14,
-19,
0,
7,
52,
-19,
-19,
-9,
2,
-20,
29,
11,
-11,
-6,
15,
46,
-28,
-10,
-4,
12,
22,
4,
-32,
6,
-2,
16,
-32,
12,
-24,
-31,
65,
-6,
-8,
-39,
-33,
28,
16,
25,
36,
-5,
-12,
-21,
1,
-27,
47,
11,
53,
2,
31,
-35,
17,
-26,
-19,
-26,
9,
-24,
-2,
-66,
-34,
-33,
41,
-27,
-14,
15,
-20,
27,
33,
-26,
1,
19,
-21,
5,
-10,
-22,
14,
-19,
0,
-13,
36,
2,
-11,
-7,
-20,
-13,
8,
-35,
-33,
21,
-11,
15,
-6,
-20,
1,
-29,
-3,
27,
11,
16,
-49,
45,
-40,
-2,
7,
-49,
-11,
-6,
-24,
17,
-26,
-6,
-23,
-45,
-13,
-10,
0,
-57,
6,
-12,
-14,
33,
-39,
-43,
-8,
-9,
-13,
16,
16,
-7,
-20,
-5,
-2,
-6,
-5,
-12,
-12,
37,
19,
-7,
-8,
-31,
-19,
13,
5,
15,
40,
-23,
12,
1,
22,
-12,
-9,
54,
-2,
31,
44,
2,
-4,
-36,
14,
-7,
4,
-6,
17,
-7,
32,
17,
-22,
-28,
-8,
-27,
8,
12,
7,
13,
19,
34,
-16,
-10,
-1,
-14,
-18,
13,
-9,
-7,
11,
-15,
-2,
35,
-2,
-13,
39,
-29,
-12,
-9,
-10,
23,
23,
21,
18,
29,
10,
-5,
29,
10,
37,
2,
38,
-13,
19,
9,
38,
-13,
-15,
-29,
-14,
-19,
-23,
-20,
-30,
-1,
16,
-3,
-7,
-10,
-14,
14,
7,
-1,
10,
28,
1,
-5,
0,
16,
22,
-9,
13,
3,
17,
25,
-4,
-8,
2,
-25,
-2,
-35,
4,
-9,
-44,
13,
-16,
-14,
-12,
-4,
32,
26,
29,
8,
-46,
40,
-31,
-22,
-17,
-24,
-11,
25,
2,
-5,
0,
10,
-26,
-23,
-30,
-15,
4,
-39,
6,
-26,
10,
10,
-9,
-25,
-9,
-52,
9,
32,
67,
21,
13,
-25,
2,
-13,
-2,
16,
-19,
28,
44,
-31,
-38,
9,
-20,
5,
10,
-8,
-1,
21,
-10,
-21,
5,
17,
-32,
7,
-10,
-7,
8,
11,
-18,
-5,
9,
10,
35,
2,
-10,
20,
-2,
32,
-21,
4,
-12,
13,
0,
-38,
-1,
0,
48,
17,
4,
-3,
-14,
-23,
28,
-3,
16,
-23,
16,
-3,
-3,
-4,
-11,
18,
3,
-4,
-16,
-5,
30,
57,
8,
-15,
25,
6,
6,
-50,
-5,
-26,
8,
-18,
-8,
34,
41,
43,
14,
4,
-18,
-14,
20,
-11,
31,
31,
-51,
-7,
2,
-5,
14,
-22,
-9,
27,
-1,
28,
-7,
-9,
-42,
-21,
42,
-13,
-7,
-2,
17,
-16,
12,
28,
11,
-29,
-8,
-69,
24,
-16,
-1,
29,
-54,
49,
1,
-42,
-57,
9,
-23,
8,
18,
-26,
14,
16,
9,
-15,
-8,
-4,
4,
64,
6,
2,
27,
-12,
7,
-9,
-15,
8,
-6,
-8,
-11,
-21,
1,
-8,
3,
-37,
-11,
0,
3,
17,
11,
22,
-4,
-9,
-4,
19,
9,
3,
-12,
8,
17,
26,
-12,
25,
1,
24,
-10,
-5,
-50,
-5,
-40,
0,
-11,
9,
14,
-20,
-17,
15,
-9,
23,
-4,
-18,
25,
4,
-10,
-6,
-33,
9,
10,
33,
11,
-17,
-13,
-15,
-23,
-6,
0,
-35,
41,
-8,
17,
7,
-15,
3,
27,
6,
5,
-10,
-4,
-43,
-1,
10,
-17,
1,
-25,
9,
-10,
0,
-8,
20,
-1,
1,
-14,
-20,
-13,
2,
-14,
-8,
1,
5,
14,
0,
33,
-21,
-4,
3,
-1,
-21,
-15,
-23,
7,
-1,
-9,
10,
-2,
-4,
8,
-9,
16,
-2,
-28,
21,
26,
-15,
-19,
-31,
13,
6,
-21,
-4,
10,
-4,
16,
-16,
6,
12,
-11,
-7,
25,
12,
-6,
12,
-9,
36,
-11,
4,
-11,
13,
1,
-12,
22,
-26,
23,
-14,
2,
-8,
3,
1,
9,
13,
-16,
-4,
-12,
9,
-27,
2,
-5,
26,
-3,
11,
10,
2,
1,
-13,
-2,
10,
0,
-1,
-25,
-16,
-9,
-20,
0,
0,
13,
6,
-7,
7,
10,
42,
-36,
8,
-8,
9,
17,
18,
14,
8,
12,
9,
-37,
3,
-19,
-8,
13,
14,
7,
-2,
-6,
-16,
4,
-5,
22,
7,
4,
-3,
12,
17,
1,
23,
-13,
-4,
18,
-2,
-37,
3,
-4,
-22,
18,
-14,
24,
1,
-2,
12,
16,
13,
7,
-2,
-10,
-11,
-4,
2,
-14,
13,
12,
-32,
5,
-6,
7,
8,
-13,
4,
12,
15,
0,
6,
5,
15,
-5,
7,
-8,
-9,
-5,
2,
39,
17,
-10,
-21,
-20,
-2,
-15,
-3,
3,
9,
-6,
-9,
-3,
8,
6,
3,
-6,
-7,
18,
-20,
-8,
2,
-36,
2,
10,
-2,
-5,
-13,
9,
-8,
9,
4,
-15,
9,
-4,
14,
7,
-10,
-14,
23,
-8,
10,
4,
-25,
40,
-9,
20,
4,
3,
-24,
-7,
-1,
-21,
9,
3,
-14,
-14,
36,
-2,
5,
-16,
16,
-19,
-13,
-31,
-34,
-7,
-25,
-18,
-3,
-78,
-26,
-34,
-22,
-9,
5,
17,
-5,
-31,
-40,
17,
-14,
7,
21,
-24,
51,
-9,
-21,
-10,
-7,
-16,
-12,
-14,
4,
12,
9,
-4,
20,
7,
-18,
-22,
43,
16,
17,
-26,
-26,
-2,
16,
-10,
-8,
46,
12,
19,
-30,
-14,
59,
-34,
25,
-2,
-14,
-16,
-3,
13,
16,
4,
0,
5,
-11,
-21,
-51,
16,
29,
-22,
7,
22,
-15,
-17,
18,
22,
13,
-15,
10,
3,
-11,
29,
40,
8,
-27,
52,
24,
-7,
-51,
5,
26,
1,
-10,
-21,
-13,
10,
16,
38,
6,
-22,
-11,
-5,
-16,
-35,
21,
-14,
7,
34,
2,
12,
27,
13,
14,
-34,
7,
9,
-12,
6,
-8,
-12,
-4,
8,
-24,
34,
-14,
32,
2,
0,
-11,
-34,
-10,
19,
-59,
-39,
24,
-12,
30,
7,
10,
-34,
10,
49,
-9,
4,
6,
-5,
-15,
-3,
-31,
-25,
57,
1,
-5,
-26,
19,
-5,
13,
8,
-17,
-11,
-27,
-7,
-13,
23,
6,
-18,
4,
-7,
-29,
12,
-25,
-1,
22,
8,
41,
-9,
-27,
3,
16,
-5,
5,
-13,
29,
-31,
-18,
-20,
7,
-18,
2,
-3,
-10,
-10,
10,
-11,
-14,
1,
0,
-36,
7,
4,
33,
-11,
-19,
10,
-37,
-1,
17,
39,
-1,
-5,
-23,
-12,
35,
-15,
6,
0,
22,
12,
15,
25,
26,
17,
25,
-19,
-5,
-15,
-4,
23,
11,
1,
6,
4,
2,
-26,
2,
16,
13,
1,
-3,
-9,
16,
21,
44,
31,
11,
23,
13,
-10,
-23,
2,
12,
14,
0,
13,
-2,
23,
39,
50,
11,
-49,
-1,
-9,
25,
-20,
18,
-9,
-11,
16,
-17,
0,
9,
11,
17,
-30,
-14,
0,
-7,
9,
-17,
9,
-20,
-20,
-21,
28,
-11,
7,
16,
12,
-23,
-16,
-21,
4,
-13,
22,
13,
-32,
7,
-24,
15,
-8,
-9,
4,
-9,
6,
-13,
-30,
5,
-11,
10,
-7,
33,
3,
0,
-28,
1,
-16,
4,
-38,
1,
13,
-21,
-18,
-23,
30,
-4,
1,
8,
2,
-16,
-10,
-25,
-7,
-5,
13,
-1,
-26,
0,
6,
42,
-18,
3,
-20,
46,
-38,
1,
-28,
-3,
0,
14,
7,
-21,
6,
-2,
-12,
4,
9,
14,
-8,
3,
-1,
4,
31,
-36,
4,
-12,
1,
5,
41,
-21,
-15,
22,
-13,
28,
-36,
6,
-33,
-2,
4,
-1,
5,
30,
30,
3,
4,
20,
-21,
-7,
4,
30,
-16,
22,
19,
-7,
18,
-7,
-22,
18,
16,
-5,
1,
23,
23,
19,
2,
6,
21,
-6,
-7,
-52,
6,
23,
4,
-9,
6,
7,
7,
11,
50,
-10,
-36,
3,
1,
13,
-29,
16,
-39,
-19,
36,
-20,
8,
-18,
13,
10,
-19,
8,
11,
-7,
9,
-14,
-4,
2,
-4,
-22,
10,
-19,
15,
18,
-16,
-21,
-37,
-4,
1,
-24,
-23,
-20,
-5,
22,
-7,
-4,
30,
2,
26,
-18,
43,
10,
-20,
-9,
4,
-29,
-29,
18,
23,
3,
-8,
8,
-3,
14,
-29,
21,
30,
-6,
-25,
-35,
64,
-42,
16,
20,
-64,
16,
-30,
-7,
5,
4,
-4,
-42,
-27,
-11,
19,
24,
-15,
9,
-30,
57,
-15,
15,
-15,
-4,
22,
-30,
17,
19,
37,
-28,
0,
40,
26,
8,
4,
23,
-48,
3,
41,
-41,
36,
2,
22,
-3,
54,
9,
0,
35,
6,
45,
-52,
7,
-36,
-40,
-3,
-22,
-6,
8,
25,
-46,
24,
20,
-39,
-23,
5,
38,
-4,
-6,
43,
-27,
17,
13,
-25,
41,
-32,
24,
-9,
-2,
14,
26,
-23,
11,
-9,
6,
-17,
-50,
15,
45,
6,
-21,
-24,
5,
1,
-10,
45,
-30,
15,
16,
-10,
12,
-42,
-1,
-52,
-24,
54,
-41,
-11,
1,
6,
20,
-17,
54,
8,
-1,
10,
24,
2,
21,
29,
23,
27,
-25,
45,
12,
-71,
-8,
-50,
6,
1,
-40,
-64,
-27,
-13,
41,
-19,
-35,
19,
31,
60,
-27,
10,
23,
-12,
-9,
9,
-44,
-18,
-3,
-3,
18,
-12,
-8,
22,
-4,
0,
11,
-4,
-4,
1,
-14,
7,
10,
-2,
-6,
0,
-8,
-3,
9,
2,
23,
26,
-3,
4,
-3,
0,
20,
-9,
-6,
5,
19,
8,
11,
-9,
27,
-5,
-8,
-3,
-7,
-16,
8,
-12,
14,
-8,
-5,
7,
-6,
-21,
3,
12,
1,
1,
-12,
16,
5,
3,
4,
-16,
9,
29,
16,
-9,
-20,
1,
0,
-23,
-19,
-12,
-21,
23,
-24,
26,
-12,
-3,
-13,
22,
-6,
5,
-18,
-1,
-13,
-15,
6,
-5,
6,
3,
-1,
7,
-15,
-7,
10,
-3,
-1,
8,
-7,
-23,
-3,
-20,
-12,
-6,
3,
-6,
-4,
21,
5,
-2,
18,
-9,
10,
-6,
-16,
-11,
15,
-15,
-1,
13,
-7,
-13,
-2,
-14,
9,
-16,
9,
22,
-7,
-11,
9,
12,
6,
-13,
7,
-10,
-6,
5,
6,
-2,
-8,
-8,
3,
-1,
11,
1,
4,
-18,
11,
-5,
-8,
-5,
27,
1,
-11,
8,
-12,
18,
-2,
-14,
-25,
0,
27,
-5,
13,
0,
-7,
20,
-20,
-4,
15,
-3,
0,
2,
-9,
-10,
-20,
-36,
-5,
-1,
-15,
-28,
18,
-27,
2,
16,
-7,
-1,
-2,
-14,
4,
26,
6,
-17,
9,
27,
3,
14,
29,
-13,
-9,
-14,
-15,
-4,
-11,
-17,
-2,
-11,
-8,
10,
-18,
-7,
25,
6,
11,
-26,
5,
6,
10,
-14,
3,
1,
12,
15,
37,
24,
-9,
-12,
-10,
-12,
2,
3,
-20,
37,
-31,
4,
-12,
-15,
-1,
-4,
-2,
11,
-1,
6,
-67,
18,
5,
6,
16,
3,
22,
11,
-12,
-10,
23,
18,
-1,
13,
-26,
18,
7,
2,
14,
3,
23,
3,
-23,
48,
1,
-30,
5,
9,
3,
-6,
15,
-10,
26,
-4,
17,
-8,
-11,
13,
-25,
7,
-5,
11,
2,
22,
-14,
-17,
-17,
5,
-7,
-25,
6,
-31,
5,
4,
-25,
6,
21,
5,
-1,
-3,
16,
9,
-5,
14,
37,
-3,
19,
-1,
1,
-14,
-17,
8,
-22,
36,
10,
-20,
-14,
-13,
20,
19,
-6,
-16,
-13,
23,
-10,
-20,
18,
-3,
25,
11,
9,
-2,
-14,
-26,
-13,
25,
-20,
-2,
12,
-17,
-18,
8,
-7,
6,
-1,
-25,
-8,
2,
13,
-5,
9,
-4,
12,
20,
7,
-7,
-16,
-11,
18,
-25,
26,
-27,
23,
-17,
-2,
29,
-1,
-5,
19,
1,
-11,
-31,
6,
-6,
-7,
11,
3,
-21,
26,
15,
23,
-2,
16,
25,
-32,
-21,
17,
-7,
-55,
14,
-41,
-5,
5,
7,
-29,
29,
-24,
-18,
-15,
-27,
-24,
-22,
5,
-15,
-5,
14,
29,
5,
-11,
3,
32,
-8,
0,
9,
-7,
31,
8,
-14,
-6,
21,
24,
-13,
21,
28,
4,
-45,
-5,
0,
-14,
-27,
-9,
-16,
4,
-5,
15,
-20,
-6,
17,
-8,
-1,
26,
-3,
-6,
33,
13,
0,
-29,
-33,
-14,
-21,
-8,
-12,
-4,
11,
-10,
-6,
-3,
-23,
22,
16,
18,
11,
19,
7,
6,
-1,
-4,
-9,
-9,
-17,
-1,
1,
-5,
35,
-18,
-36,
-5,
1,
19,
31,
-28,
-27,
-12,
7,
-8,
-12,
3,
2,
4,
-1,
7,
4,
0,
-26,
-9,
5,
-14,
9,
14,
-18,
25,
0,
12,
18,
-1,
7,
5,
-6,
-1,
10,
11,
-11,
9,
5,
-1,
0,
-16,
10,
6,
-25,
0,
-22,
23,
-21,
-13,
3,
19,
5,
5,
-3,
-25,
-16,
0,
0,
6,
4,
10,
-20,
-1,
32,
2,
5,
14,
6,
-3,
-19,
3,
19,
-13,
13,
-27,
-6,
11,
-3,
-16,
27,
-19,
-25,
-2,
-6,
12,
-16,
-6,
-7,
-20,
27,
27,
-2,
-9,
4,
29,
10,
15,
26,
2,
9,
-12,
-31,
-23,
8,
14,
-5,
-20,
12,
11,
-9,
21,
5,
-2,
-11,
13,
-11,
16,
4,
22,
-12,
-5,
-14,
12,
-28,
12,
-15,
-4,
21,
11,
-5,
1,
-27,
-1,
0,
-21,
-6,
-23,
11,
1,
7,
6,
-14,
28,
0,
15,
-2,
12,
-20,
16,
1,
3,
-12,
7,
5,
-4,
-6,
-2,
-2,
-25,
-38,
-17,
-4,
53,
0,
-11,
-29,
-21,
10,
1,
-7,
6,
-12,
14,
-3,
22,
16,
12,
-13,
9,
6,
9,
14,
4,
-20,
5,
6,
-9,
14,
10,
9,
12,
-14,
-9,
-6,
15,
-13,
-2,
0,
18,
14,
14,
6,
9,
21,
6,
-7,
-3,
-15,
4,
4,
11,
-6,
7,
-1,
-15,
3,
-4,
6,
17,
-2,
0,
-13,
18,
27,
11,
-2,
25,
28,
-4,
-20,
3,
15,
-6,
25,
5,
-8,
-7,
-9,
-9,
16,
-10,
-2,
-7,
9,
-3,
15,
-7,
5,
13,
16,
-20,
-2,
7,
-4,
1,
-1,
-2,
22,
-2,
-14,
4,
-14,
-6,
7,
7,
31,
-5,
17,
12,
21,
7,
-8,
-15,
-5,
36,
-30,
16,
2,
3,
-3,
4,
-10,
2,
-8,
-9,
-17,
9,
7,
25,
-9,
10,
-13,
-4,
0,
15,
1,
-24,
-1,
-5,
9,
8,
-14,
22,
-7,
45,
17,
-18,
-7,
18,
13,
12,
-3,
-11,
24,
1,
2,
-32,
-19,
-4,
-25,
-16,
-4,
19,
-22,
-16,
3,
-16,
1,
8,
-16,
8,
-10,
10,
-10,
2,
21,
2,
-14,
-4,
-4,
8,
14,
-10,
-17,
-10,
-4,
-21,
12,
0,
16,
10,
-23,
-12,
7,
26,
-8,
-1,
-11,
12,
11,
14,
4,
9,
18,
11,
-4,
-27,
-19,
25,
-2,
-7,
-5,
2,
-1,
-26,
-1,
-9,
12,
27,
-11,
-1,
-19,
18,
19,
15,
-11,
23,
7,
15,
-12,
-3,
3,
8,
25,
0,
4,
-9,
-2,
7,
18,
-3,
-3,
0,
-8,
-6,
8,
-20,
-11,
17,
32,
-36,
3,
17,
-12,
17,
-5,
-3,
18,
-8,
-10,
-1,
-7,
-5,
1,
-13,
21,
0,
2,
-6,
25,
5,
-21,
-9,
3,
22,
-13,
18,
-2,
4,
0,
8,
-5,
0,
-4,
-3,
-20,
12,
10,
-2,
-6,
-10,
-20,
7,
3,
-1,
2,
-24,
-2,
4,
21,
6,
-14,
14,
5,
46,
16,
-12,
-11,
10,
18,
4,
14,
-7,
26,
-4,
5,
-17,
-18,
-7,
-24,
-19,
-12,
2,
-13,
-22,
9,
-33,
23,
8,
4,
19,
15,
12,
15,
-22,
33,
22,
4,
-5,
-13,
1,
-4,
-35,
-4,
6,
-11,
-21,
26,
-1,
23,
16,
-51,
-6,
22,
27,
-22,
5,
0,
2,
13,
5,
20,
-16,
-15,
10,
-1,
-5,
-9,
9,
-6,
7,
-5,
-15,
6,
-22,
-6,
-16,
-4,
5,
8,
-20,
-23,
-4,
15,
-3,
11,
15,
-28,
-11,
6,
-17,
13,
2,
22,
4,
39,
4,
-23,
4,
21,
-10,
1,
21,
12,
0,
-2,
14,
-37,
-13,
42,
-13,
11,
9,
-3,
25,
-5,
22,
-5,
1,
-2,
-26,
-17,
16,
-23,
-21,
7,
3,
26,
-21,
24,
28,
2,
1,
-3,
-9,
9,
10,
-13,
21,
1,
-2,
-26,
11,
-7,
7,
-13,
3,
29,
-33,
33,
16,
-25,
18,
38,
7,
-5,
-3,
7,
27,
38,
-14,
-11,
18,
12,
14,
-2,
11,
-17,
-1,
-2,
-12,
-12,
8,
1,
-23,
-6,
-1,
-20,
-7,
-10,
-21,
6,
-13,
-30,
-3,
-7,
-16,
16,
-13,
7,
11,
-6,
1,
5,
-1,
-15,
9,
-15,
4,
-4,
5,
-4,
13,
17,
30,
7,
-1,
-1,
1,
19,
6,
3,
1,
19,
-9,
0,
20,
21,
9,
-4,
-14,
-6,
-17,
-17,
6,
-5,
13,
-9,
-14,
17,
5,
-19,
4,
3,
19,
-7,
-5,
15,
8,
-7,
-3,
-12,
9,
16,
10,
11,
-14,
2,
-4,
-31,
-15,
12,
5,
31,
-43,
16,
-23,
-12,
-10,
-9,
-16,
-3,
22,
13,
-39,
1,
13,
-13,
-4,
2,
12,
4,
-15,
13,
-1,
-5,
-6,
-4,
-25,
-13,
-6,
-19,
5,
7,
11,
-7,
0,
10,
-8,
-24,
25,
1,
0,
-9,
-1,
5,
25,
-9,
-1,
-9,
-18,
-5,
10,
-19,
8,
4,
1,
21,
-5,
-8,
-12,
-2,
5,
-6,
14,
-30,
12,
8,
-1,
-12,
-8,
-12,
28,
0,
3,
0,
0,
-5,
16,
-4,
-1,
-14,
10,
7,
-10,
2,
-39,
8,
-12,
-30,
-24,
2,
32,
8,
-8,
-9,
-20,
19,
-28,
-9,
9,
22,
3,
11,
12,
-28,
-15,
-27,
-8,
1,
-22,
1,
10,
-9,
25,
15,
-10,
-4,
9,
-13,
-5,
4,
-6,
-8,
-2,
4,
6,
-8,
24,
-6,
-15,
0,
-20,
5,
14,
-10,
-22,
-6,
-26,
7,
-10,
2,
-3,
21,
30,
-40,
6,
24,
0,
-14,
-18,
2,
14,
9,
12,
14,
-8,
15,
0,
-11,
10,
2,
-17,
30,
-29,
-19,
-34,
-12,
-15,
-1,
-6,
-1,
24,
-17,
-45,
7,
12,
7,
8,
9,
16,
5,
-15,
0,
16,
8,
-21,
13,
-47,
1,
22,
10,
3,
4,
15,
-10,
12,
55,
4,
-35,
-6,
5,
7,
-22,
-1,
-10,
29,
-15,
37,
-7,
-11,
18,
2,
-9,
8,
7,
17,
21,
10,
-2,
-13,
18,
-18,
-3,
10,
-27,
29,
-4,
-37,
-17,
-11,
6,
32,
12,
14,
-8,
-34,
23,
38,
-9,
24,
-13,
-15,
-16,
-21,
16,
-27,
51,
19,
-21,
-30,
-2,
5,
9,
-12,
-10,
15,
15,
0,
9,
11,
23,
-11,
19,
8,
-17,
11,
-2,
-2,
14,
9,
24,
8,
15,
-9,
3,
5,
42,
-21,
-27,
-3,
-2,
-22,
-15,
-9,
14,
15,
-16,
22,
13,
-30,
3,
42,
-28,
9,
-41,
6,
-1,
8,
40,
14,
-6,
1,
11,
3,
-57,
6,
-21,
-9,
37,
-16,
-10,
8,
55,
15,
4,
11,
22,
-17,
-9,
36,
-36,
-59,
37,
-38,
-32,
0,
-2,
-61,
44,
5,
-19,
6,
-66,
-8,
-35,
3,
-41,
10,
-15,
14,
-2,
-31,
5,
19,
21,
32,
-14,
-30,
-2,
-13,
-16,
-6,
14,
3,
-39,
40,
59,
-9,
-55,
-23,
49,
-2,
-38,
-19,
1,
-24,
-39,
21,
-11,
-29,
16,
-16,
12,
39,
-5,
11,
17,
-27,
12,
-22,
-22,
-35,
-5,
-30,
0,
-12,
15,
-12,
-16,
-18,
-27,
-3,
27,
5,
0,
-3,
39,
49,
12,
-13,
12,
-32,
-51,
15,
-31,
-4,
24,
-9,
-4,
-16,
-5,
3,
11,
-2,
-19,
12,
22,
5,
27,
21,
11,
14,
21,
-1,
-7,
19,
-4,
9,
-12,
14,
20,
0,
-5,
11,
-6,
25,
29,
-4,
-4,
25,
1,
-17,
-5,
20,
4,
40,
3,
8,
12,
-6,
24,
25,
-34,
1,
-51,
1,
1,
1,
14,
3,
13,
-2,
20,
-12,
-11,
-15,
-4,
5,
26,
10,
-15,
0,
38,
11,
9,
13,
13,
-11,
-1,
11,
-8,
-14,
31,
-20,
-12,
9,
-12,
-36,
22,
7,
-7,
17,
-12,
4,
-24,
-6,
-16,
-12,
7,
24,
-4,
3,
-10,
-1,
-3,
33,
3,
1,
-19,
-4,
-28,
-18,
5,
16,
-1,
0,
23,
-9,
6,
18,
12,
2,
-25,
26,
21,
10,
-16,
15,
-8,
3,
-7,
16,
-10,
9,
-12,
5,
12,
-10,
-2,
-9,
-30,
-6,
25,
-1,
-2,
-14,
25,
7,
8,
7,
-10,
1,
19,
3,
-6,
8,
7,
31,
5,
8,
6,
4,
-8,
-17,
7,
5,
-5,
-30,
6,
-18,
0,
29,
-6,
-8,
-30,
-13,
-9,
9,
6,
8,
17,
17,
19,
19,
4,
12,
-12,
8,
5,
26,
25,
-1,
-8,
-8,
-1,
-10,
23,
16,
19,
22,
8,
-21,
9,
23,
-11,
0,
-10,
22,
11,
19,
6,
-4,
32,
17,
-16,
-7,
-24,
12,
14,
-4,
4,
14,
1,
-27,
3,
3,
17,
29,
3,
-3,
2,
19,
29,
3,
5,
-8,
26,
-2,
-14,
-1,
-1,
-4,
33,
7,
-8,
-17,
1,
-4,
21,
15,
5,
-5,
1,
7,
2,
-19,
6,
10,
10,
-14,
-4,
4,
-11,
-9,
-14,
13,
22,
1,
-28,
2,
-22,
-4,
-3,
-4,
13,
-12,
2,
5,
21,
-13,
-2,
-11,
6,
31,
-11,
14,
-10,
-6,
-6,
9,
-12,
12,
-3,
-16,
-9,
4,
-4,
-1,
14,
4,
-25,
0,
11,
27,
-6,
2,
4,
-5,
0,
7,
-17,
13,
15,
28,
22,
-20,
13,
22,
12,
19,
19,
-17,
25,
-1,
0,
-8,
-1,
-11,
14,
-13,
0,
9,
0,
-8,
-6,
-16,
-20,
0,
27,
-15,
27,
-11,
-10,
-17,
14,
-21,
10,
19,
21,
34,
15,
-50,
-27,
-23,
-1,
-25,
20,
-18,
-17,
6,
-25,
-16,
16,
21,
-13,
-12,
2,
6,
12,
17,
16,
-32,
-3,
45,
-1,
-27,
-14,
41,
4,
-10,
-15,
0,
-2,
-17,
-17,
23,
24,
-4,
37,
9,
13,
1,
20,
9,
9,
0,
15,
13,
19,
11,
-26,
33,
47,
-23,
-12,
28,
2,
10,
51,
16,
0,
0,
-1,
46,
11,
-18,
-17,
19,
11,
-20,
-5,
-4,
-6,
-5,
-7,
-1,
28,
-11,
-4,
-15,
-39,
42,
-11,
-10,
-17,
-12,
21,
-34,
3,
-9,
-7,
-30,
18,
10,
-20,
-6,
-2,
-4,
20,
14,
23,
18,
-16,
7,
0,
-10,
1,
3,
26,
4,
20,
-18,
17,
-3,
-34,
-14,
25,
-31,
11,
22,
-18,
-14,
17,
0,
10,
1,
-9,
18,
26,
31,
40,
-10,
12,
-13,
-3,
-11,
-27,
-60,
8,
-50,
-12,
37,
-20,
1,
-35,
-21,
33,
18,
9,
-28,
37,
-60,
-11,
-57,
61,
-11,
15,
35,
6,
45,
13,
-49,
-8,
-41,
-5,
-41,
49,
1,
12,
27,
-58,
-15,
18,
13,
-32,
-38,
-6,
-14,
35,
22,
-2,
-34,
-46,
5,
2,
-1,
37,
34,
-58,
-18,
-27,
-40,
-27,
-34,
-70,
-5,
-14,
17,
79,
18,
23,
5,
0,
26,
26,
23,
-29,
22,
51,
48,
-17,
13,
63,
-44,
16,
35,
11,
21,
33,
-2,
7,
13,
34,
44,
13,
-27,
-56,
21,
23,
-7,
-33,
21,
46,
-21,
-15,
83,
-1,
-32,
-32,
-75,
-42,
57,
-44,
20,
-13,
3,
6,
-52,
7,
-14,
16,
-14,
50,
30,
-27,
-3,
-75,
-12,
67,
-55,
48,
28,
-32,
-6,
-11,
-4,
24,
-33,
78,
32,
-35,
-9,
55,
-5,
-40,
1,
87,
28,
15,
28,
42,
-52,
3,
1,
-17,
2,
-8,
36,
31,
21,
27,
35,
-17,
-2,
-9,
-15,
6,
-27,
-25,
-59,
6,
-22,
-42,
-3,
-54,
4,
22,
-15,
18,
-13,
-2,
-18,
-2,
-37,
-4,
15,
-8,
22,
-3,
19,
-5,
-13,
20,
25,
10,
8,
1,
27,
-1,
18,
-6,
5,
35,
1,
3,
8,
22,
-7,
-27,
10,
-10,
-31,
-40,
-24,
-7,
30,
-7,
-3,
16,
2,
-17,
11,
-24,
11,
-9,
-20,
3,
17,
9,
6,
-18,
-17,
33,
38,
2,
-5,
-20,
11,
10,
2,
8,
0,
39,
-49,
22,
-19,
-19,
-12,
-5,
-10,
8,
31,
-4,
-28,
13,
-9,
-24,
4,
-17,
21,
1,
12,
20,
5,
-11,
24,
-8,
-20,
-19,
-21,
-23,
-2,
-2,
28,
-24,
-5,
-7,
-1,
-28,
-3,
20,
-10,
0,
5,
-24,
15,
-28,
-17,
-4,
-29,
8,
14,
-16,
7,
9,
20,
19,
-23,
15,
-27,
-13,
13,
8,
-6,
-38,
15,
42,
4,
10,
20,
9,
12,
-26,
3,
-5,
4,
12,
27,
15,
2,
0,
5,
-1,
3,
-2,
-30,
-1,
-31,
-13,
-22,
-12,
20,
14,
8,
-17,
-3,
9,
-44,
-1,
-5,
-3,
-22,
8,
-20,
-22,
-20,
-23,
3,
-7,
-4,
9,
6,
13,
18,
8,
0,
32,
6,
-17,
6,
5,
3,
16,
-14,
35,
12,
17,
16,
-17,
11,
-10,
-14,
-18,
-22,
-26,
14,
-21,
-15,
8,
-14,
8,
11,
-4,
25,
-35,
-11,
4,
14,
-19,
-34,
15,
-17,
35,
0,
18,
-6,
-10,
4,
10,
25,
10,
-40,
31,
-32,
-13,
-49,
-22,
-49,
2,
-21,
-10,
30,
-37,
-42,
9,
-19,
7,
2,
-21,
37,
37,
10,
8,
23,
3,
-2,
15,
-47,
-11,
8,
7,
6,
-10,
15,
-5,
18,
34,
2,
-53,
-22,
20,
-5,
-27,
-5,
-21,
20,
-22,
0,
-35,
-37,
16,
-12,
-11,
-2,
-18,
0,
5,
-5,
4,
-50,
6,
0,
16,
3,
-36,
29,
31,
-26,
-2,
0,
6,
41,
-19,
25,
3,
-12,
27,
38,
16,
3,
3,
-46,
2,
3,
30,
-22,
21,
-22,
10,
-22,
-29,
19,
20,
1,
-24,
