# _QL_OP_TREE_REPLACE_DORY_ADDER_8.out_requant (shape [7, 7, 160]),
-59,
63,
-33,
-47,
-30,
-9,
19,
-27,
9,
-61,
-59,
13,
-3,
-21,
30,
47,
13,
-40,
-10,
51,
20,
-49,
-66,
-38,
-39,
-48,
99,
-48,
-128,
-123,
16,
-52,
21,
3,
14,
9,
-14,
50,
-7,
69,
-39,
32,
88,
-80,
18,
-9,
-86,
-73,
7,
-68,
33,
0,
-4,
-7,
-1,
-84,
13,
-17,
-43,
98,
-27,
-47,
-17,
-31,
13,
-34,
28,
-29,
-20,
-19,
43,
-12,
20,
-54,
18,
49,
11,
3,
13,
-25,
22,
7,
46,
-3,
-2,
-10,
-29,
0,
4,
-1,
-61,
-29,
81,
-37,
-18,
43,
36,
-1,
-100,
30,
-107,
6,
101,
43,
-63,
102,
-1,
-11,
19,
-1,
-23,
-29,
-27,
3,
31,
-5,
-9,
-35,
45,
29,
48,
127,
-24,
31,
-21,
39,
-6,
110,
-52,
-28,
-3,
-3,
-32,
-39,
13,
96,
47,
84,
-46,
43,
59,
-11,
-43,
-9,
-44,
-46,
-47,
-53,
1,
46,
-33,
45,
13,
0,
127,
-61,
12,
-83,
63,
-13,
17,
5,
-24,
4,
-5,
-3,
-15,
-16,
2,
-51,
19,
5,
31,
-47,
-11,
-3,
-9,
37,
-10,
17,
29,
-39,
-8,
-15,
-18,
-11,
-13,
-3,
-37,
-15,
29,
-34,
-11,
7,
6,
12,
-20,
3,
16,
-19,
15,
-9,
1,
13,
-21,
-37,
7,
-10,
-8,
9,
13,
-24,
24,
-37,
-21,
20,
5,
34,
-26,
25,
13,
17,
1,
-41,
33,
13,
13,
-29,
-34,
17,
31,
-9,
32,
21,
25,
-13,
1,
13,
-25,
-19,
-49,
-21,
-21,
19,
-38,
41,
-17,
5,
38,
15,
22,
7,
-3,
-10,
16,
-11,
15,
7,
-31,
31,
9,
18,
-3,
45,
-4,
1,
-5,
3,
12,
-41,
27,
-2,
43,
-10,
18,
-31,
-33,
38,
29,
-39,
-4,
5,
5,
-57,
-2,
-29,
10,
-27,
-17,
19,
33,
-18,
-32,
1,
29,
-2,
43,
13,
-29,
-3,
29,
45,
6,
53,
-18,
-6,
-47,
3,
9,
-25,
4,
19,
7,
14,
-35,
0,
-17,
23,
3,
10,
56,
-40,
5,
7,
19,
0,
3,
1,
-20,
15,
7,
-15,
-1,
-12,
-23,
-7,
5,
32,
-17,
19,
-21,
-15,
26,
31,
-38,
-54,
-9,
-16,
1,
42,
-45,
13,
-11,
20,
36,
17,
20,
39,
-10,
-24,
26,
-7,
0,
-17,
23,
-11,
-25,
7,
-33,
9,
16,
-32,
15,
-9,
17,
-16,
29,
-28,
36,
41,
-11,
12,
13,
-15,
1,
-3,
22,
19,
-8,
51,
35,
-31,
6,
-48,
3,
-10,
-25,
1,
19,
-15,
-17,
-3,
7,
14,
-6,
-12,
-7,
-47,
-3,
18,
8,
31,
-7,
-20,
1,
-45,
82,
20,
-4,
-4,
-13,
45,
-28,
3,
-9,
43,
11,
-19,
-13,
-52,
-12,
-37,
32,
2,
-17,
-23,
-12,
17,
24,
-31,
-72,
4,
15,
3,
-1,
-11,
31,
-12,
18,
21,
7,
33,
-1,
3,
13,
6,
25,
-11,
-32,
-37,
15,
19,
33,
13,
-21,
20,
-5,
46,
15,
-21,
28,
5,
-3,
-9,
15,
19,
-17,
-15,
-15,
9,
44,
-4,
0,
10,
-9,
2,
15,
8,
-13,
-3,
1,
-7,
33,
-15,
-20,
9,
-21,
20,
-9,
13,
39,
-11,
-1,
15,
-34,
-61,
11,
-17,
-12,
12,
-31,
4,
9,
27,
21,
19,
3,
-3,
-11,
-17,
22,
13,
-15,
9,
22,
9,
-3,
7,
-37,
-10,
6,
-28,
13,
-20,
-10,
-5,
26,
-7,
-2,
42,
-17,
18,
21,
-11,
-13,
4,
5,
0,
-18,
10,
29,
-20,
-19,
-35,
7,
-37,
-11,
15,
16,
8,
-23,
-9,
-2,
36,
7,
-25,
-2,
-30,
6,
41,
1,
49,
-5,
-27,
17,
-8,
68,
-2,
-23,
-16,
21,
46,
-30,
-1,
-3,
43,
11,
-5,
-31,
-53,
3,
-27,
27,
-3,
0,
-25,
-31,
1,
11,
-29,
-58,
10,
11,
-3,
-6,
5,
37,
-7,
11,
17,
18,
16,
15,
-1,
14,
3,
23,
-4,
-27,
-12,
19,
38,
17,
39,
-17,
9,
-5,
25,
15,
-13,
11,
37,
-5,
1,
27,
-6,
-16,
26,
-8,
1,
15,
25,
-8,
12,
-16,
7,
13,
5,
-2,
3,
10,
1,
29,
4,
-18,
-11,
-17,
26,
3,
14,
57,
9,
-3,
-5,
-28,
-8,
31,
-11,
-17,
15,
-3,
-1,
-8,
5,
22,
3,
-17,
-28,
-13,
-13,
1,
-8,
-7,
13,
-11,
1,
13,
1,
-27,
4,
2,
-21,
5,
-27,
-15,
-13,
13,
15,
-2,
27,
-15,
20,
-15,
-32,
-6,
21,
-5,
-5,
-21,
0,
6,
-1,
-16,
-6,
18,
-41,
3,
20,
-21,
4,
-14,
5,
-9,
18,
14,
-21,
0,
-24,
11,
10,
-17,
14,
1,
-16,
15,
8,
21,
-22,
3,
-23,
9,
27,
-36,
-18,
-5,
8,
5,
8,
-30,
-6,
7,
-11,
13,
-23,
6,
-20,
1,
-23,
19,
-16,
-28,
-5,
-5,
-22,
-20,
9,
19,
1,
9,
-4,
17,
2,
-4,
-19,
23,
-2,
7,
5,
-18,
15,
16,
34,
0,
49,
-7,
-2,
-23,
22,
10,
13,
5,
25,
15,
11,
16,
-29,
17,
53,
-9,
-28,
-18,
5,
-11,
-6,
-16,
41,
2,
8,
-9,
6,
11,
13,
3,
-29,
1,
-23,
1,
22,
-10,
29,
-2,
9,
-12,
-4,
-9,
4,
-1,
35,
1,
-13,
6,
-25,
-17,
32,
27,
1,
-33,
-1,
-26,
-31,
-46,
-9,
1,
13,
-37,
-42,
5,
-9,
-29,
-29,
-1,
-20,
-1,
5,
6,
0,
10,
31,
6,
-4,
-16,
-14,
13,
-3,
32,
15,
9,
-6,
5,
24,
-20,
7,
-11,
-2,
-11,
-7,
33,
35,
-39,
-8,
-4,
16,
-8,
-31,
19,
-6,
13,
5,
8,
19,
7,
9,
1,
-1,
-1,
7,
11,
-7,
6,
14,
-12,
31,
14,
27,
-5,
8,
1,
11,
-2,
-3,
-21,
17,
23,
-21,
-7,
-31,
-6,
-6,
15,
15,
-9,
-13,
21,
-21,
7,
-15,
-10,
-3,
14,
-1,
68,
11,
4,
-11,
60,
3,
-12,
33,
-18,
6,
6,
11,
-8,
33,
19,
-5,
-14,
-1,
10,
-2,
-9,
18,
18,
3,
-10,
-37,
11,
23,
-15,
3,
-35,
19,
1,
-37,
-14,
13,
7,
26,
14,
-17,
-11,
21,
31,
-22,
19,
-26,
39,
-10,
-11,
14,
-19,
-43,
-32,
-37,
-43,
-14,
61,
9,
-63,
-71,
37,
-43,
10,
29,
26,
21,
-5,
27,
-23,
1,
-55,
5,
60,
17,
-26,
-29,
-63,
13,
-30,
-40,
22,
-28,
3,
11,
-24,
-36,
-25,
7,
-17,
38,
31,
-48,
6,
-37,
9,
-6,
19,
1,
-13,
37,
5,
26,
-16,
43,
41,
7,
-16,
36,
-27,
-20,
31,
-15,
-22,
-41,
18,
2,
31,
-11,
9,
-9,
3,
-37,
12,
-31,
-13,
16,
47,
-32,
-59,
31,
-25,
55,
72,
42,
-20,
47,
61,
5,
-7,
-4,
-4,
-17,
46,
-37,
-12,
-63,
-23,
-11,
21,
-21,
-5,
3,
3,
3,
-14,
35,
-27,
66,
13,
-41,
36,
44,
-47,
-6,
40,
51,
41,
58,
1,
7,
16,
7,
-31,
19,
-5,
-32,
-7,
-29,
-10,
15,
-20,
8,
-10,
-41,
54,
-59,
-20,
-40,
50,
-2,
-7,
-7,
5,
-11,
-14,
30,
5,
-8,
26,
-45,
16,
26,
1,
10,
-7,
21,
13,
33,
-15,
-15,
12,
-12,
-27,
-13,
-15,
42,
3,
-23,
-26,
-39,
43,
7,
11,
9,
-35,
2,
-23,
17,
14,
2,
-23,
7,
-28,
1,
7,
3,
-3,
-19,
-17,
-19,
1,
0,
14,
-45,
-21,
31,
8,
62,
-4,
-3,
4,
55,
-3,
-4,
31,
22,
10,
9,
-33,
-34,
-14,
-25,
23,
21,
9,
-29,
-17,
12,
16,
-31,
-28,
-27,
4,
-18,
-29,
52,
-17,
7,
30,
10,
7,
5,
-9,
12,
29,
1,
-4,
42,
-43,
0,
51,
23,
2,
49,
15,
15,
13,
-2,
-21,
-74,
-14,
-23,
53,
-14,
-23,
5,
-29,
25,
54,
-11,
48,
-10,
39,
-58,
-7,
-36,
1,
-18,
-17,
20,
56,
-5,
-19,
-11,
31,
-13,
13,
25,
-4,
2,
8,
20,
7,
44,
5,
-5,
-74,
-23,
21,
-46,
-26,
11,
9,
10,
-61,
4,
10,
32,
-18,
-21,
19,
7,
10,
-20,
14,
-23,
11,
-37,
22,
-15,
22,
-17,
1,
-7,
-3,
-19,
-23,
37,
5,
7,
35,
-13,
25,
15,
8,
-17,
7,
33,
-22,
-2,
-3,
-3,
19,
5,
13,
17,
-1,
6,
4,
2,
21,
6,
-31,
-1,
15,
0,
17,
0,
-3,
0,
-17,
-18,
-2,
-9,
18,
-14,
26,
1,
-3,
4,
7,
-1,
13,
-41,
-1,
21,
19,
17,
-20,
13,
15,
-23,
11,
-12,
25,
-20,
23,
1,
-3,
-36,
0,
12,
-13,
30,
8,
13,
-19,
17,
15,
30,
1,
25,
1,
-17,
-2,
-1,
17,
-4,
-17,
-11,
17,
9,
-31,
-7,
15,
24,
-13,
-2,
-2,
-21,
17,
-26,
17,
-2,
-7,
-26,
-1,
22,
16,
-39,
8,
11,
-7,
5,
-5,
-37,
35,
-35,
-7,
-1,
8,
8,
-19,
1,
2,
1,
17,
-5,
-28,
-1,
-18,
9,
4,
11,
-23,
-19,
-14,
3,
-16,
-16,
13,
27,
-3,
-1,
-4,
28,
33,
13,
-35,
0,
52,
-9,
-11,
-17,
30,
15,
-21,
-17,
0,
-12,
3,
-39,
-29,
-21,
-23,
-44,
36,
23,
17,
-11,
-21,
-32,
42,
9,
22,
-45,
59,
3,
-18,
-1,
-19,
35,
13,
49,
-9,
74,
10,
57,
-3,
-11,
33,
-43,
-35,
-30,
11,
26,
-43,
2,
-41,
53,
19,
3,
8,
43,
-15,
-65,
77,
-61,
5,
3,
2,
-5,
33,
-1,
-5,
13,
31,
20,
12,
35,
69,
-43,
-34,
-23,
4,
-38,
21,
-14,
14,
0,
3,
31,
39,
-15,
-20,
-5,
2,
-18,
8,
41,
-43,
41,
17,
-33,
-29,
-27,
59,
-14,
-21,
-44,
-18,
13,
-38,
1,
-46,
13,
23,
-7,
38,
-28,
-12,
-31,
13,
-8,
-57,
-48,
-32,
18,
11,
-28,
-27,
47,
-11,
51,
-1,
-17,
71,
27,
3,
5,
14,
4,
3,
1,
12,
5,
13,
47,
-50,
-71,
-15,
-19,
19,
-31,
-21,
-13,
17,
32,
-3,
13,
17,
12,
21,
11,
8,
27,
-13,
-7,
15,
31,
31,
19,
-9,
-30,
28,
-6,
-20,
-24,
20,
-1,
20,
-29,
-22,
-15,
-3,
-18,
0,
15,
4,
7,
1,
-25,
36,
22,
17,
-49,
41,
0,
-9,
-7,
-1,
15,
12,
44,
7,
43,
-10,
13,
-2,
-16,
18,
-3,
-35,
-5,
10,
31,
-35,
-5,
-50,
26,
-7,
1,
-5,
19,
-10,
-59,
65,
-16,
11,
9,
-7,
-3,
35,
-9,
-10,
9,
28,
17,
-3,
21,
48,
-30,
-29,
-9,
2,
-48,
14,
12,
-9,
3,
17,
17,
15,
-3,
-15,
-1,
4,
-14,
13,
35,
-24,
44,
-15,
-16,
-17,
-3,
57,
-23,
-52,
-27,
9,
7,
-21,
-11,
-37,
13,
21,
15,
24,
-13,
8,
-33,
15,
-10,
-23,
-49,
-26,
14,
3,
-19,
-25,
43,
-13,
33,
13,
-21,
55,
7,
-3,
-9,
9,
-14,
3,
-11,
-2,
-27,
31,
11,
-48,
-71,
-12,
3,
17,
-28,
-31,
-21,
22,
24,
-5,
2,
0,
33,
7,
13,
-15,
17,
-21,
13,
19,
37,
17,
11,
2,
5,
3,
-12,
23,
-23,
23,
-7,
31,
-10,
11,
0,
17,
-3,
-20,
19,
-3,
16,
38,
-2,
27,
9,
3,
-9,
13,
2,
-21,
3,
8,
14,
10,
-1,
8,
5,
-24,
-29,
-5,
3,
17,
13,
-11,
-1,
7,
10,
23,
1,
-13,
4,
7,
10,
-6,
-3,
2,
-38,
26,
27,
21,
15,
-19,
-1,
3,
-25,
-21,
5,
3,
7,
-16,
2,
1,
11,
8,
-19,
5,
-16,
15,
0,
-36,
-3,
-3,
11,
-10,
-18,
-3,
-12,
-7,
-7,
7,
16,
-19,
18,
-15,
-17,
5,
8,
31,
-13,
-23,
6,
2,
2,
-25,
-33,
3,
3,
-5,
9,
3,
15,
7,
-17,
21,
4,
-17,
-21,
-2,
9,
5,
9,
-3,
13,
-7,
3,
-2,
-11,
29,
-12,
11,
-11,
1,
21,
-3,
-29,
-3,
-9,
4,
-13,
-27,
1,
-5,
25,
17,
29,
1,
-9,
13,
15,
2,
12,
-31,
33,
6,
13,
3,
-5,
25,
45,
-16,
-8,
-6,
9,
-11,
4,
28,
25,
11,
2,
-10,
-7,
6,
-6,
-15,
-16,
24,
-9,
20,
24,
11,
29,
13,
7,
23,
5,
-7,
-5,
27,
21,
-19,
6,
5,
-7,
-5,
28,
34,
12,
-9,
-14,
-15,
1,
-3,
-1,
10,
-2,
-35,
-35,
39,
11,
-1,
-23,
-9,
-11,
13,
14,
-12,
-26,
12,
29,
35,
-1,
-10,
-30,
3,
-7,
1,
13,
-15,
-6,
20,
-17,
-3,
-1,
-3,
-35,
-31,
0,
17,
28,
-43,
-7,
8,
17,
-3,
-31,
30,
-10,
20,
-7,
-1,
43,
-13,
-2,
2,
12,
-14,
17,
41,
-19,
5,
-9,
-11,
25,
6,
12,
-10,
-11,
-18,
2,
-33,
7,
-21,
9,
5,
-3,
-16,
-7,
-5,
12,
7,
19,
9,
-6,
-1,
-2,
-11,
-25,
-13,
-26,
29,
-17,
36,
23,
5,
-6,
23,
-14,
5,
5,
-7,
5,
-1,
14,
25,
27,
16,
-7,
9,
-3,
15,
3,
-32,
13,
-4,
-9,
-15,
-24,
37,
2,
-35,
-11,
12,
-3,
-6,
0,
-2,
18,
17,
21,
-9,
19,
13,
-19,
10,
-11,
-9,
-32,
-5,
35,
-6,
13,
11,
14,
7,
23,
4,
18,
23,
19,
-15,
1,
40,
-19,
-1,
13,
29,
-11,
7,
-11,
-16,
21,
-27,
10,
-3,
-1,
-2,
-19,
22,
9,
-4,
-1,
-13,
18,
19,
2,
-27,
-35,
10,
25,
7,
-11,
-17,
-17,
-27,
-21,
5,
-1,
-8,
33,
7,
30,
-41,
-14,
-15,
1,
14,
15,
-6,
37,
-15,
-13,
7,
-8,
-16,
-23,
13,
-13,
-16,
-30,
-1,
1,
5,
-9,
6,
2,
-1,
9,
25,
-11,
-23,
13,
37,
19,
8,
4,
-21,
-7,
16,
5,
-12,
1,
0,
21,
33,
-21,
5,
1,
-9,
-1,
0,
-9,
10,
-4,
6,
-2,
1,
-17,
-15,
-1,
29,
-12,
40,
13,
-6,
-16,
38,
-7,
-4,
13,
1,
27,
-1,
-2,
-8,
24,
7,
2,
1,
-1,
25,
15,
5,
17,
20,
-4,
-41,
-17,
17,
-3,
-8,
-23,
-7,
17,
-3,
1,
-5,
-11,
35,
-11,
13,
-7,
4,
-10,
11,
22,
0,
3,
-14,
29,
-15,
-5,
21,
20,
9,
-20,
14,
7,
7,
-7,
1,
-28,
5,
16,
23,
1,
-2,
-19,
8,
5,
10,
-15,
-7,
18,
-1,
15,
27,
-4,
11,
3,
-1,
3,
7,
-5,
13,
-33,
-1,
6,
3,
17,
19,
-6,
8,
9,
11,
-17,
-13,
23,
-18,
3,
-29,
-5,
4,
-29,
19,
-7,
1,
-3,
21,
-11,
-7,
-31,
6,
-18,
17,
-15,
17,
15,
-6,
-14,
21,
-3,
-12,
0,
-11,
1,
5,
-4,
-15,
2,
14,
-8,
7,
19,
-9,
-18,
-13,
8,
-11,
-20,
-42,
-19,
-1,
-11,
8,
-20,
-9,
-5,
-22,
16,
49,
6,
5,
9,
3,
-7,
-33,
-26,
-6,
-5,
-12,
3,
23,
22,
2,
-10,
19,
-3,
5,
-13,
4,
9,
13,
-4,
32,
25,
1,
-7,
-22,
-26,
2,
-27,
3,
17,
-9,
-1,
5,
2,
14,
17,
-39,
-13,
13,
21,
-7,
-12,
7,
-36,
23,
-30,
9,
-13,
22,
7,
7,
11,
14,
-7,
8,
7,
-8,
17,
19,
1,
21,
5,
7,
11,
-20,
34,
-12,
-23,
-7,
11,
12,
10,
5,
0,
-9,
12,
21,
-13,
2,
17,
-10,
30,
30,
7,
17,
7,
7,
21,
5,
-15,
8,
-26,
-13,
-4,
5,
1,
9,
-9,
9,
27,
13,
-17,
-11,
24,
-5,
9,
-26,
23,
13,
4,
12,
11,
-7,
1,
20,
-9,
10,
-37,
6,
-4,
-13,
23,
21,
-24,
-22,
2,
5,
-9,
1,
9,
-5,
-5,
-3,
2,
11,
-2,
-15,
1,
-3,
1,
-27,
-33,
2,
-13,
-12,
-1,
-1,
-21,
2,
-3,
15,
-12,
-19,
-1,
14,
-3,
12,
22,
9,
23,
5,
9,
6,
-37,
13,
-9,
13,
17,
-16,
27,
-2,
12,
-17,
9,
3,
-3,
1,
-23,
-5,
11,
9,
4,
-20,
3,
-7,
15,
-29,
-7,
2,
16,
6,
3,
-9,
18,
5,
16,
-4,
-4,
7,
32,
-11,
-41,
-11,
-27,
7,
-17,
1,
0,
17,
-8,
-13,
5,
-1,
-20,
28,
25,
-5,
0,
7,
-3,
25,
-2,
21,
-25,
-7,
15,
-5,
-41,
-1,
18,
7,
15,
7,
25,
-12,
25,
25,
3,
17,
22,
3,
17,
57,
23,
-9,
-6,
-6,
45,
-6,
-8,
-26,
-35,
-1,
-9,
32,
-36,
33,
-9,
11,
3,
5,
-12,
7,
35,
17,
11,
-23,
33,
33,
-6,
-20,
22,
-37,
-23,
50,
-2,
-4,
-15,
33,
-38,
-25,
18,
14,
-7,
-8,
-13,
43,
12,
-25,
20,
-7,
-20,
-8,
-15,
41,
-33,
-17,
2,
-9,
-7,
-25,
-49,
33,
-2,
23,
32,
19,
-32,
19,
1,
13,
-24,
-31,
11,
-18,
7,
-2,
24,
-9,
25,
1,
15,
28,
-28,
9,
-1,
12,
5,
-33,
-3,
16,
6,
-45,
-5,
-3,
4,
-7,
-47,
-22,
-3,
-16,
-27,
-53,
-21,
1,
39,
-35,
-23,
17,
-12,
27,
-17,
-3,
17,
-8,
21,
33,
-7,
8,
22,
-16,
-55,
-29,
-14,
13,
-37,
-25,
-9,
17,
2,
13,
-3,
-19,
-1,
3,
-5,
-11,
5,
35,
-21,
10,
3,
-5,
-9,
-7,
1,
3,
-6,
-11,
6,
10,
1,
18,
-15,
6,
13,
17,
20,
15,
35,
-1,
17,
48,
19,
-12,
8,
-5,
0,
-13,
5,
-33,
-31,
-6,
-29,
41,
-28,
16,
-5,
-7,
10,
-1,
-5,
7,
23,
37,
11,
-2,
33,
13,
11,
3,
20,
-22,
-28,
34,
-1,
-3,
-23,
47,
-47,
-37,
34,
7,
-52,
-15,
-13,
31,
35,
-15,
-9,
11,
-2,
8,
4,
31,
-41,
-31,
25,
-5,
1,
-36,
-55,
5,
-1,
12,
19,
18,
-11,
16,
-3,
16,
-9,
-20,
10,
7,
-15,
-4,
37,
-31,
28,
3,
-1,
19,
-13,
5,
-27,
7,
-10,
-35,
9,
17,
38,
-35,
0,
0,
11,
-13,
-50,
1,
-17,
-8,
-21,
-37,
-5,
1,
41,
-11,
-19,
15,
-13,
25,
-31,
-12,
-13,
3,
11,
32,
-13,
12,
5,
-23,
-11,
-31,
-19,
11,
-19,
-7,
-1,
29,
11,
20,
5,
-22,
11,
-13,
-14,
3,
15,
33,
-11,
8,
1,
-27,
-6,
-9,
0,
-11,
25,
0,
11,
3,
-17,
19,
-7,
-9,
-12,
-11,
21,
23,
21,
6,
31,
17,
-2,
8,
9,
-1,
-1,
-11,
15,
-2,
-28,
-9,
-20,
4,
7,
0,
5,
-6,
-8,
3,
3,
-17,
19,
17,
29,
8,
15,
-5,
7,
17,
-15,
-5,
11,
17,
14,
-15,
-15,
11,
-14,
-12,
7,
-9,
-25,
-5,
6,
1,
15,
9,
-14,
19,
-7,
18,
-8,
21,
-15,
-29,
30,
-15,
0,
-15,
-39,
1,
-1,
13,
-7,
3,
16,
12,
-5,
-3,
-9,
-11,
13,
1,
-13,
-11,
24,
-9,
29,
18,
-3,
19,
-14,
9,
-17,
10,
-1,
-25,
28,
0,
29,
-15,
7,
-20,
5,
-11,
-8,
3,
3,
21,
5,
3,
-1,
3,
34,
1,
14,
-11,
3,
7,
-21,
-27,
-10,
12,
29,
16,
-2,
17,
21,
-26,
-4,
10,
17,
21,
17,
-13,
-5,
15,
7,
1,
-17,
-7,
-3,
-5,
-11,
10,
19,
16,
-24,
18,
6,
-19,
-14,
9,
6,
-7,
16,
-1,
12,
-4,
-1,
10,
9,
-8,
-15,
-1,
-3,
9,
15,
-1,
17,
-14,
-7,
20,
10,
3,
-1,
-1,
11,
-3,
-19,
-4,
-11,
-2,
11,
21,
3,
-11,
-9,
10,
2,
-7,
19,
-11,
29,
15,
9,
-27,
-7,
11,
-22,
-26,
-7,
15,
6,
-11,
13,
9,
-10,
8,
-11,
17,
5,
-3,
-8,
-5,
21,
-17,
7,
-7,
11,
1,
4,
5,
4,
-25,
7,
9,
19,
6,
-32,
9,
-14,
9,
-1,
-29,
19,
5,
0,
15,
-10,
-17,
7,
-27,
7,
-17,
16,
15,
7,
-5,
-5,
7,
2,
13,
-5,
2,
3,
3,
10,
-4,
-3,
-5,
2,
3,
-4,
-19,
8,
-3,
3,
26,
19,
13,
-24,
9,
19,
2,
13,
-33,
17,
4,
-11,
-39,
-1,
24,
5,
6,
-3,
20,
23,
-2,
17,
-5,
11,
14,
-3,
-6,
-7,
7,
9,
9,
-11,
-15,
-19,
-27,
22,
8,
6,
29,
19,
14,
7,
16,
-4,
36,
-11,
-11,
6,
20,
-21,
20,
5,
25,
-21,
11,
-25,
3,
9,
-9,
11,
1,
6,
-17,
-21,
-6,
9,
14,
-5,
-9,
26,
-1,
-17,
-17,
-7,
7,
11,
-7,
6,
-9,
-12,
-18,
-19,
5,
5,
-35,
13,
-9,
18,
-15,
-13,
-6,
0,
21,
-1,
-8,
8,
9,
-21,
13,
-8,
-15,
-2,
8,
-35,
-17,
-32,
-1,
7,
-9,
16,
-13,
14,
11,
14,
-6,
0,
-12,
25,
19,
39,
1,
-26,
-17,
-4,
7,
7,
-30,
23,
10,
-2,
15,
-27,
10,
4,
-35,
25,
-2,
-17,
15,
3,
9,
0,
-8,
10,
13,
19,
9,
3,
24,
-3,
7,
-20,
27,
-5,
-1,
26,
-5,
10,
2,
-6,
17,
31,
5,
-17,
-3,
-11,
3,
16,
-4,
18,
41,
4,
-25,
-3,
-1,
3,
-13,
-23,
8,
-15,
5,
-16,
-4,
-8,
39,
-18,
3,
-7,
13,
1,
4,
-7,
5,
13,
-20,
-5,
-11,
17,
-12,
-1,
10,
11,
-3,
2,
-14,
5,
25,
-10,
-4,
-19,
19,
7,
22,
-8,
23,
23,
8,
-24,
1,
-7,
10,
44,
9,
18,
23,
23,
-17,
12,
21,
13,
12,
-8,
13,
5,
14,
14,
17,
-24,
-4,
4,
7,
-12,
2,
9,
-4,
16,
-27,
25,
9,
-24,
0,
-1,
19,
12,
-4,
-5,
-5,
-16,
-9,
-22,
-9,
-18,
-3,
6,
0,
-12,
15,
-12,
-14,
1,
7,
-14,
0,
-2,
-7,
-6,
-11,
5,
7,
20,
-1,
-3,
-13,
-14,
-26,
-22,
-25,
-26,
-5,
-9,
-8,
-16,
5,
-9,
-3,
1,
14,
-4,
0,
9,
0,
13,
-7,
-29,
6,
11,
-21,
21,
5,
25,
-15,
-13,
-3,
0,
5,
-6,
-2,
-3,
13,
-2,
48,
7,
4,
12,
-8,
4,
-9,
7,
-3,
13,
-11,
-8,
0,
-10,
10,
8,
-29,
0,
29,
-16,
10,
-23,
37,
-31,
15,
-29,
-19,
-21,
28,
-1,
26,
-28,
-21,
13,
-25,
-32,
-6,
37,
-11,
-23,
-26,
25,
-13,
7,
1,
4,
43,
21,
1,
-11,
2,
-25,
-13,
-19,
3,
21,
13,
-35,
7,
17,
-7,
21,
17,
21,
19,
-11,
3,
8,
16,
6,
3,
25,
11,
2,
-10,
-3,
31,
-13,
-3,
2,
13,
-17,
9,
7,
39,
7,
7,
30,
-33,
-5,
-20,
0,
5,
4,
-9,
14,
1,
0,
23,
19,
3,
7,
10,
-13,
-16,
15,
10,
13,
-26,
41,
23,
1,
-25,
-7,
-4,
1,
-25,
-25,
-5,
-3,
-5,
3,
-12,
-31,
-25,
-25,
-13,
-3,
8,
-16,
-1,
12,
2,
-6,
22,
-11,
23,
28,
-2,
-7,
11,
15,
-19,
-19,
-3,
-5,
6,
31,
-27,
49,
-20,
24,
-15,
13,
-3,
-1,
-45,
-19,
35,
3,
12,
1,
0,
-14,
30,
45,
-19,
29,
-3,
-31,
-10,
-19,
32,
-6,
33,
3,
-3,
-7,
25,
-16,
1,
-24,
-27,
-11,
24,
3,
-37,
-24,
26,
-5,
41,
9,
-56,
5,
-37,
9,
-45,
45,
22,
0,
-3,
-1,
17,
11,
1,
-7,
53,
7,
-11,
-29,
-5,
-16,
14,
-35,
13,
14,
9,
2,
11,
36,
-11,
-21,
17,
-6,
13,
22,
-9,
-17,
-3,
-19,
9,
3,
-13,
-23,
-12,
15,
15,
-3,
-29,
17,
-10,
20,
46,
2,
49,
-10,
17,
36,
-13,
1,
-21,
23,
-18,
1,
-1,
-15,
6,
-34,
23,
-25,
-27,
26,
7,
-28,
-12,
-4,
32,
28,
-11,
21,
17,
-3,
-35,
-11,
-9,
7,
-35,
26,
-9,
1,
-7,
-30,
-29,
-7,
-9,
-13,
-3,
3,
-11,
-26,
-11,
-6,
-16,
6,
27,
-39,
20,
52,
23,
-7,
33,
-3,
-3,
-15,
-26,
-3,
-19,
15,
-29,
53,
-7,
29,
-23,
15,
-32,
1,
-21,
-12,
44,
-1,
-18,
-3,
-9,
-1,
5,
-5,
-13,
19,
-22,
-20,
25,
-25,
7,
-3,
3,
28,
7,
-41,
-9,
-13,
-26,
-32,
-38,
4,
33,
-28,
-71,
-23,
15,
-21,
39,
7,
-26,
-8,
-7,
16,
-73,
55,
-2,
-10,
-7,
-3,
26,
-29,
-12,
-27,
36,
23,
-20,
-23,
-11,
1,
16,
-21,
21,
35,
2,
19,
21,
7,
-21,
-9,
31,
-7,
21,
45,
-21,
-29,
-7,
9,
11,
-18,
-13,
-23,
-2,
15,
-1,
-3,
-20,
-3,
-29,
25,
12,
-19,
13,
10,
28,
28,
13,
-7,
3,
31,
21,
-14,
-11,
2,
25,
-21,
21,
-34,
-28,
49,
-16,
-21,
-18,
-27,
23,
14,
7,
6,
9,
3,
-17,
-5,
0,
15,
-23,
45,
-11,
25,
-22,
-15,
-33,
-12,
-28,
-13,
-3,
9,
-39,
-33,
-13,
13,
-17,
-12,
26,
-29,
-5,
23,
3,
18,
41,
-26,
3,
-14,
1,
-4,
1,
17,
-39,
41,
15,
-1,
-25,
4,
-28,
-1,
-40,
-31,
17,
-3,
14,
1,
-7,
-5,
3,
18,
-11,
23,
-5,
-8,
42,
-57,
-1,
-14,
-21,
18,
-1,
-29,
15,
-26,
-5,
-24,
-33,
-14,
15,
-26,
-63,
-15,
24,
-5,
31,
-27,
-26,
-25,
9,
-15,
-18,
26,
-11,
-12,
-3,
9,
1,
-23,
-8,
-29,
22,
19,
-24,
2,
-31,
-18,
-2,
-5,
8,
29,
-9,
0,
10,
8,
-7,
22,
43,
5,
17,
29,
-5,
10,
-27,
4,
-4,
-18,
-14,
-9,
1,
17,
8,
-21,
-19,
-17,
-25,
17,
-5,
-5,
15,
21,
28,
8,
28,
-18,
-9,
-4,
10,
5,
-11,
5,
13,
12,
20,
-11,
-15,
17,
-26,
-6,
-1,
-8,
-2,
-3,
23,
0,
7,
-12,
9,
-2,
11,
27,
-17,
25,
-25,
19,
-7,
-1,
-21,
-14,
-17,
-17,
5,
-11,
-5,
-27,
-7,
5,
3,
-19,
-1,
-9,
-11,
-1,
14,
37,
37,
-10,
18,
16,
22,
6,
2,
31,
-36,
23,
15,
11,
-29,
5,
-7,
-15,
-33,
3,
3,
-1,
29,
-3,
-7,
-18,
12,
35,
-5,
43,
-1,
2,
31,
-55,
-15,
-15,
-19,
7,
20,
-7,
1,
-1,
-9,
-30,
-33,
1,
1,
-3,
-45,
-26,
16,
11,
23,
-26,
-37,
-8,
-51,
-7,
4,
70,
-7,
21,
-11,
5,
-8,
2,
37,
-22,
16,
29,
-25,
-18,
1,
-14,
2,
-11,
-5,
-12,
9,
-6,
-29,
2,
21,
15,
13,
2,
5,
-3,
7,
9,
8,
-4,
-1,
-3,
-3,
-13,
28,
17,
19,
1,
-5,
-16,
5,
11,
1,
-1,
-9,
43,
38,
19,
-5,
-5,
-19,
20,
-25,
8,
5,
23,
31,
13,
5,
-10,
-3,
-1,
-9,
2,
-2,
1,
39,
7,
-23,
23,
5,
-6,
-15,
-5,
-18,
20,
-39,
0,
21,
41,
5,
-1,
5,
-23,
-24,
-1,
-10,
-5,
38,
-20,
0,
-6,
4,
3,
-11,
-15,
17,
-13,
50,
4,
6,
-29,
6,
23,
25,
-7,
-1,
16,
-17,
25,
24,
8,
-24,
-8,
-21,
5,
-25,
13,
13,
-23,
31,
19,
-38,
-39,
23,
-5,
7,
21,
-19,
5,
25,
-12,
-30,
-32,
-4,
21,
44,
7,
5,
13,
-13,
11,
6,
-5,
9,
-5,
-11,
-6,
-19,
20,
-2,
5,
-17,
-17,
-12,
8,
-1,
19,
16,
13,
8,
-5,
17,
3,
20,
7,
1,
11,
20,
-13,
34,
-1,
23,
-39,
-11,
-37,
-3,
-23,
1,
-7,
7,
24,
-21,
-9,
3,
4,
17,
3,
-1,
9,
-1,
-9,
-3,
-13,
13,
7,
20,
5,
2,
-32,
-15,
-7,
11,
5,
-29,
27,
-29,
25,
9,
-11,
5,
7,
9,
-3,
3,
10,
-17,
-7,
11,
-9,
-12,
-9,
9,
-9,
11,
-16,
5,
2,
4,
-16,
3,
14,
13,
-3,
-21,
3,
-5,
15,
5,
32,
0,
-17,
-2,
12,
20,
-7,
-23,
15,
15,
4,
-5,
-20,
-3,
5,
-9,
24,
1,
-10,
28,
22,
13,
-8,
-18,
16,
16,
7,
1,
-17,
13,
11,
-15,
-2,
22,
-15,
4,
13,
-5,
0,
1,
-5,
27,
-7,
16,
-15,
5,
-9,
3,
17,
-20,
25,
14,
2,
-25,
1,
-3,
0,
-3,
-9,
11,
-15,
13,
-20,
18,
-13,
31,
-17,
12,
8,
15,
3,
-3,
-13,
1,
25,
-15,
-5,
-8,
-7,
2,
9,
3,
14,
5,
5,
-4,
14,
51,
-40,
-19,
-13,
13,
28,
21,
-2,
13,
22,
18,
-24,
0,
4,
5,
29,
27,
25,
8,
13,
-10,
23,
3,
15,
13,
7,
7,
17,
18,
4,
15,
-24,
-4,
5,
-6,
-39,
2,
-7,
-21,
17,
-29,
15,
14,
-16,
-3,
18,
19,
-10,
-9,
-7,
-2,
-19,
-3,
1,
1,
2,
0,
24,
-16,
1,
13,
-4,
-8,
15,
-3,
-2,
-7,
7,
1,
-26,
-5,
-7,
-6,
0,
21,
21,
11,
-20,
-13,
-9,
-17,
-18,
-4,
8,
-4,
-1,
3,
-8,
3,
16,
14,
-15,
12,
-1,
0,
7,
1,
-33,
13,
29,
-15,
-6,
1,
13,
-3,
-7,
-3,
-3,
4,
0,
11,
-11,
-3,
-12,
23,
-1,
-10,
-8,
-18,
12,
-7,
-1,
3,
6,
-25,
-1,
5,
-8,
15,
-1,
-18,
-15,
40,
1,
11,
-15,
45,
-19,
19,
-34,
-23,
11,
-5,
-9,
-3,
-67,
-23,
-4,
3,
-7,
25,
1,
-10,
-23,
-33,
15,
-3,
1,
29,
-23,
57,
-9,
-15,
10,
-16,
-3,
-19,
-15,
7,
41,
6,
-10,
33,
11,
-7,
-6,
32,
18,
18,
5,
-24,
14,
2,
1,
-5,
55,
33,
17,
-21,
-7,
53,
-27,
3,
-12,
-10,
-19,
5,
9,
17,
13,
-1,
1,
5,
-44,
-33,
13,
27,
-31,
-24,
17,
6,
-6,
-6,
36,
-11,
-3,
15,
29,
-1,
19,
21,
16,
-29,
48,
3,
3,
-36,
-6,
2,
-8,
14,
-33,
-8,
4,
16,
29,
4,
-49,
-19,
-13,
-17,
-24,
19,
-17,
7,
29,
3,
7,
21,
7,
38,
-19,
15,
9,
5,
-15,
11,
-25,
-11,
11,
-26,
19,
-28,
21,
7,
-5,
-21,
1,
7,
3,
-41,
-45,
3,
-8,
36,
12,
-4,
-33,
3,
35,
1,
15,
21,
-24,
-9,
-13,
3,
-23,
35,
1,
-6,
-23,
5,
19,
9,
-5,
12,
-12,
11,
-4,
-14,
3,
25,
-13,
8,
-19,
-27,
10,
-7,
1,
2,
4,
10,
-8,
-9,
10,
7,
-1,
12,
-21,
41,
-8,
-23,
-24,
9,
-13,
-8,
-9,
-11,
5,
12,
-7,
13,
26,
-4,
-17,
3,
25,
25,
-9,
-30,
4,
-15,
-1,
3,
19,
-9,
-8,
-1,
-7,
23,
-2,
10,
-4,
1,
1,
17,
19,
13,
1,
0,
17,
-7,
-20,
-8,
11,
22,
-2,
-24,
-9,
4,
0,
-2,
9,
-13,
5,
-1,
5,
15,
12,
30,
25,
-21,
32,
-23,
-18,
-23,
-8,
-14,
9,
7,
-5,
11,
13,
25,
27,
-3,
-43,
-17,
-2,
12,
-11,
8,
-13,
-6,
-2,
-1,
-11,
23,
-3,
11,
-11,
18,
3,
25,
-27,
3,
-9,
-15,
6,
-20,
33,
-11,
15,
26,
11,
-26,
1,
-18,
-13,
-4,
4,
7,
-23,
27,
1,
21,
-5,
9,
15,
21,
21,
5,
-21,
11,
-33,
12,
1,
23,
15,
20,
-3,
1,
31,
3,
-26,
6,
3,
-1,
-14,
-43,
17,
11,
-10,
-3,
-20,
-10,
-1,
-11,
-15,
-1,
5,
1,
-17,
1,
9,
51,
-37,
8,
-15,
51,
11,
-10,
-16,
7,
-1,
-15,
11,
-33,
14,
6,
-17,
9,
0,
-8,
-3,
-2,
9,
23,
7,
-33,
1,
-11,
5,
-7,
25,
-20,
-10,
25,
-18,
12,
-31,
13,
-25,
-31,
11,
-13,
3,
31,
1,
-16,
25,
9,
-22,
-9,
18,
31,
-11,
-5,
9,
1,
7,
7,
-18,
0,
10,
-9,
7,
3,
21,
14,
-9,
-22,
13,
-21,
-9,
-51,
1,
9,
-1,
1,
10,
15,
22,
8,
45,
-23,
-30,
-6,
1,
6,
-11,
1,
-7,
1,
4,
-6,
-13,
-10,
3,
5,
-26,
23,
18,
-1,
-19,
-1,
-6,
-17,
-4,
-13,
15,
-27,
14,
27,
-8,
-29,
-31,
2,
-14,
-17,
-28,
-9,
-8,
33,
5,
-3,
12,
20,
27,
5,
39,
19,
-4,
-7,
-35,
-23,
1,
22,
20,
8,
17,
-5,
16,
11,
-25,
12,
18,
20,
-33,
-42,
49,
-13,
0,
1,
-59,
21,
-28,
7,
1,
-3,
-11,
-19,
-11,
-11,
9,
21,
-37,
23,
-39,
43,
4,
-9,
3,
-3,
9,
-29,
8,
12,
25,
-17,
-14,
23,
-5,
-5,
5,
13,
-23,
7,
13,
-35,
28,
-27,
21,
-10,
25,
-4,
-1,
31,
9,
33,
-39,
12,
-37,
-41,
-7,
-35,
-7,
-7,
21,
-27,
26,
36,
-38,
-33,
7,
27,
2,
-3,
24,
-11,
21,
-7,
-24,
13,
-18,
8,
-3,
-3,
21,
18,
-4,
-4,
-3,
-11,
-13,
-33,
1,
19,
-11,
-5,
-23,
-2,
10,
-5,
32,
-27,
11,
5,
-15,
2,
-40,
1,
-41,
9,
29,
-17,
-16,
-6,
-1,
-1,
-39,
39,
30,
15,
-6,
39,
2,
21,
25,
6,
24,
-33,
23,
18,
-32,
-22,
-33,
24,
-9,
0,
-35,
-9,
-11,
32,
-12,
-34,
-4,
23,
25,
-6,
13,
37,
-9,
-11,
-16,
-39,
-11,
-7,
1,
5,
9,
-12,
14,
3,
-9,
9,
-11,
7,
1,
-12,
8,
21,
6,
4,
-17,
-1,
-3,
5,
-3,
27,
27,
-6,
19,
-4,
13,
19,
-11,
13,
15,
13,
12,
-13,
-16,
32,
-3,
-6,
-5,
-13,
-12,
3,
-18,
-5,
-3,
6,
25,
7,
1,
11,
1,
1,
14,
0,
7,
-13,
8,
-1,
-25,
17,
31,
12,
-6,
-29,
-21,
4,
-13,
-3,
1,
-21,
31,
-19,
25,
-6,
-4,
-13,
11,
8,
18,
4,
-2,
5,
4,
-3,
-5,
-13,
6,
-3,
-1,
-3,
-5,
16,
9,
-3,
0,
-13,
-3,
-5,
-7,
-5,
-12,
1,
0,
-6,
23,
3,
-2,
13,
-3,
1,
-17,
-5,
-9,
12,
-15,
12,
6,
-9,
-29,
2,
-25,
-5,
-25,
13,
40,
17,
-25,
15,
7,
17,
3,
7,
-5,
1,
13,
3,
-9,
-13,
-1,
15,
-13,
-4,
15,
-6,
-4,
13,
10,
-3,
-5,
31,
5,
5,
7,
0,
10,
6,
-13,
-12,
-11,
11,
11,
7,
16,
-12,
9,
-11,
2,
22,
-13,
7,
3,
-7,
-3,
-9,
-11,
0,
12,
-3,
-18,
-5,
1,
11,
23,
10,
11,
9,
-7,
3,
26,
9,
11,
3,
16,
11,
-7,
33,
-1,
-3,
-15,
-12,
5,
-16,
-11,
1,
-7,
2,
7,
-10,
-17,
21,
7,
21,
-6,
8,
8,
15,
-9,
4,
-4,
17,
18,
33,
11,
-8,
-20,
-2,
1,
7,
9,
-6,
33,
-25,
9,
-13,
-6,
3,
-16,
4,
11,
0,
9,
-23,
2,
3,
5,
1,
4,
5,
6,
9,
-25,
12,
22,
9,
-7,
-1,
33,
11,
-11,
-4,
6,
-2,
14,
-15,
31,
31,
-3,
-4,
3,
9,
-9,
-7,
1,
12,
-3,
5,
-11,
-14,
11,
-11,
18,
5,
11,
9,
24,
9,
-23,
-29,
1,
-7,
-5,
-3,
-52,
31,
13,
-11,
-2,
15,
5,
5,
-5,
11,
9,
-17,
20,
29,
-4,
33,
6,
-3,
-23,
6,
1,
-19,
18,
5,
-6,
-13,
-9,
4,
5,
-19,
-4,
33,
-9,
10,
-6,
11,
5,
45,
-7,
-9,
11,
-9,
-30,
-9,
29,
-8,
1,
-5,
-14,
-15,
13,
22,
14,
-1,
-19,
-11,
7,
18,
5,
5,
-11,
-2,
22,
7,
-20,
-2,
-10,
19,
-6,
12,
-25,
-15,
-1,
8,
38,
21,
-5,
14,
7,
0,
-24,
13,
-13,
8,
-27,
-1,
-7,
23,
38,
4,
-20,
17,
-8,
-19,
-8,
9,
-9,
-32,
10,
-35,
-19,
1,
9,
-39,
35,
-19,
-17,
26,
-29,
6,
-55,
-23,
-9,
-1,
7,
53,
1,
-24,
-9,
18,
7,
-5,
17,
-1,
12,
-9,
-3,
-6,
25,
1,
-9,
5,
35,
2,
-15,
-5,
21,
-2,
-11,
4,
-27,
17,
8,
38,
-7,
-11,
11,
-1,
6,
14,
8,
22,
28,
7,
13,
-37,
-28,
-17,
-11,
-15,
-13,
-8,
10,
-16,
-6,
-5,
-20,
21,
11,
4,
-7,
-2,
10,
11,
9,
-19,
-9,
5,
-25,
-11,
1,
-5,
35,
-15,
-1,
-19,
-19,
33,
15,
-23,
-53,
23,
-13,
5,
1,
5,
0,
35,
-12,
-7,
15,
5,
-15,
2,
-9,
-18,
17,
-1,
-19,
3,
-10,
31,
19,
1,
11,
6,
3,
14,
17,
20,
-11,
7,
12,
-1,
-7,
-1,
-7,
15,
1,
12,
-18,
5,
-20,
5,
9,
15,
3,
5,
7,
-20,
-17,
-7,
3,
0,
-1,
2,
-15,
9,
29,
13,
-7,
1,
-22,
-7,
-17,
-17,
6,
-1,
13,
-26,
-14,
33,
-26,
-27,
23,
-5,
-9,
15,
-11,
13,
-22,
-24,
-2,
-19,
26,
31,
-5,
-25,
4,
14,
4,
3,
17,
-19,
25,
-9,
-29,
-13,
7,
15,
1,
-23,
26,
3,
-18,
13,
11,
-23,
-6,
19,
-46,
15,
1,
34,
-7,
-7,
-7,
3,
-21,
7,
-1,
7,
27,
3,
5,
-21,
-27,
-9,
-2,
-19,
-11,
-27,
-1,
0,
6,
-8,
-9,
22,
-9,
5,
-4,
3,
-13,
22,
9,
3,
-35,
2,
11,
-7,
11,
3,
5,
-24,
-13,
-30,
-1,
44,
-3,
-11,
-21,
-7,
-10,
19,
7,
10,
-1,
29,
-10,
1,
9,
13,
2,
-1,
-20,
7,
-3,
2,
-12,
-5,
-1,
11,
7,
7,
4,
-3,
-5,
-21,
-2,
11,
-9,
7,
-3,
35,
-8,
5,
5,
2,
24,
14,
-3,
-6,
-11,
23,
15,
9,
18,
9,
7,
-17,
7,
-2,
1,
-1,
-13,
-29,
-12,
21,
14,
4,
2,
19,
11,
8,
-12,
-11,
8,
-4,
27,
-10,
1,
10,
-11,
-4,
0,
17,
-12,
16,
-7,
4,
11,
-21,
9,
13,
11,
10,
-11,
-1,
2,
11,
-2,
-3,
9,
-23,
-5,
8,
-25,
1,
-5,
-16,
27,
-25,
13,
10,
9,
-3,
2,
-7,
7,
34,
-32,
17,
-5,
0,
-1,
5,
3,
20,
-13,
-17,
-2,
9,
26,
21,
-15,
-3,
-23,
-2,
4,
11,
-7,
-23,
6,
2,
0,
-2,
-9,
7,
-5,
27,
3,
-13,
-3,
25,
17,
17,
-2,
-14,
17,
-12,
13,
-11,
-3,
11,
-21,
-6,
-7,
15,
-4,
-9,
6,
-19,
-12,
16,
9,
11,
-8,
29,
-11,
-23,
29,
-5,
5,
-7,
-37,
7,
-1,
-9,
-17,
-9,
0,
5,
-5,
7,
7,
13,
-19,
-9,
9,
26,
5,
3,
-13,
32,
9,
3,
7,
-10,
15,
9,
-7,
-23,
-19,
31,
-2,
-1,
14,
15,
12,
-24,
-6,
3,
3,
-5,
-20,
-30,
-5,
10,
11,
-2,
1,
24,
-3,
7,
-3,
-5,
9,
9,
15,
-9,
19,
7,
-2,
8,
-3,
3,
7,
17,
-13,
15,
-1,
-19,
-8,
15,
27,
-5,
3,
7,
-1,
20,
-6,
8,
5,
-23,
-9,
-21,
-13,
11,
-23,
-35,
25,
-3,
19,
-19,
23,
-9,
7,
1,
0,
8,
-13,
17,
-15,
-13,
1,
-8,
-3,
3,
-2,
-7,
3,
11,
18,
-7,
-7,
-4,
-23,
-13,
-2,
-6,
-12,
-33,
23,
9,
13,
-2,
-17,
9,
7,
24,
-1,
-1,
3,
14,
9,
5,
13,
-8,
18,
-21,
17,
-1,
-18,
6,
-7,
-23,
-9,
1,
-13,
0,
6,
-22,
-13,
19,
3,
7,
10,
40,
15,
-40,
46,
13,
15,
-4,
-37,
-9,
-6,
-24,
11,
11,
-8,
-14,
26,
5,
6,
27,
-37,
-1,
14,
34,
3,
3,
3,
24,
7,
14,
6,
-27,
-4,
3,
7,
-13,
-13,
19,
8,
19,
1,
-11,
19,
-28,
1,
-7,
11,
-11,
-5,
-23,
-13,
-13,
22,
-5,
7,
6,
-19,
-11,
-4,
-24,
17,
-7,
23,
-12,
38,
22,
-7,
8,
-1,
-1,
13,
17,
-7,
19,
3,
-6,
-21,
-9,
26,
-3,
-5,
18,
20,
27,
-9,
21,
1,
-12,
-11,
-28,
-27,
8,
-34,
-27,
7,
-12,
6,
-37,
17,
11,
21,
-8,
-10,
5,
-11,
12,
-35,
11,
7,
-21,
-33,
22,
-27,
-1,
2,
12,
29,
-5,
30,
11,
-27,
-3,
40,
-1,
3,
-8,
31,
19,
19,
-4,
-7,
29,
5,
2,
-7,
15,
3,
3,
5,
-13,
5,
5,
-6,
-18,
-5,
18,
-9,
-3,
-6,
-29,
-11,
-3,
-19,
6,
7,
-23,
-5,
-1,
11,
3,
-10,
16,
7,
-12,
-4,
14,
-2,
8,
-11,
8,
4,
-7,
11,
27,
3,
7,
2,
17,
13,
7,
3,
3,
27,
-4,
-5,
11,
15,
24,
-9,
-12,
-5,
-13,
-21,
2,
0,
-9,
6,
1,
15,
6,
1,
7,
8,
13,
20,
3,
9,
-9,
-22,
-9,
-21,
-7,
29,
8,
12,
-5,
-7,
8,
-17,
-13,
13,
-15,
21,
-41,
27,
-15,
-11,
6,
-25,
-1,
3,
25,
0,
-7,
7,
-3,
5,
-7,
-3,
6,
-11,
-11,
2,
18,
-3,
5,
4,
-23,
-5,
11,
-12,
3,
-3,
1,
3,
-9,
5,
-6,
-13,
20,
7,
-6,
-9,
5,
-13,
15,
-23,
7,
-5,
-23,
-21,
11,
-15,
16,
1,
2,
25,
-4,
3,
-9,
-7,
-2,
2,
1,
-26,
11,
20,
-1,
-12,
1,
-1,
19,
-2,
-7,
9,
-9,
3,
16,
5,
1,
-7,
19,
3,
-9,
10,
-15,
25,
3,
-16,
-6,
-8,
7,
12,
-3,
-1,
-15,
-1,
-5,
3,
23,
18,
-7,
11,
0,
-18,
1,
-4,
-2,
17,
-5,
3,
-3,
-1,
26,
9,
-1,
-1,
11,
-10,
-13,
1,
3,
7,
3,
-9,
7,
-29,
11,
7,
-9,
-3,
-10,
7,
7,
19,
-24,
19,
-27,
7,
1,
-11,
1,
27,
36,
-5,
1,
21,
18,
-29,
-7,
5,
3,
25,
3,
3,
9,
8,
9,
-3,
1,
23,
-2,
18,
-19,
4,
-31,
-1,
-9,
-9,
14,
6,
-5,
-27,
3,
-15,
-7,
-5,
15,
16,
10,
-5,
-5,
4,
21,
21,
2,
32,
-19,
5,
21,
-6,
0,
1,
-7,
5,
21,
34,
31,
-11,
-9,
3,
16,
-7,
-1,
10,
7,
3,
17,
-27,
-1,
3,
7,
-11,
20,
-9,
15,
9,
5,
-7,
-32,
12,
-9,
31,
18,
-28,
35,
11,
-20,
-7,
-7,
-9,
11,
3,
5,
5,
-19,
29,
20,
-3,
37,
-9,
-3,
-23,
-13,
-5,
-12,
25,
23,
-9,
-20,
-13,
0,
-5,
-23,
-8,
22,
-3,
-14,
3,
-9,
32,
7,
29,
-1,
2,
-1,
-40,
0,
44,
3,
19,
11,
13,
-11,
12,
-19,
39,
10,
-37,
-13,
3,
9,
-11,
4,
6,
-1,
-9,
19,
0,
-41,
0,
38,
-21,
7,
-28,
-7,
-2,
9,
33,
1,
-25,
-17,
-2,
6,
-32,
15,
-9,
-11,
13,
0,
-1,
11,
53,
3,
13,
0,
-1,
-21,
21,
12,
-2,
-27,
19,
-18,
-12,
-11,
-3,
-47,
29,
-19,
-17,
18,
-43,
-2,
-36,
-27,
-27,
7,
-50,
46,
-13,
-10,
-28,
15,
0,
40,
-19,
2,
-9,
-25,
-13,
-6,
27,
9,
-50,
27,
49,
6,
-23,
-25,
17,
-5,
-39,
-31,
-12,
5,
-21,
15,
-9,
-3,
27,
-13,
11,
52,
9,
3,
24,
8,
13,
-51,
-11,
-29,
-10,
-29,
-14,
-18,
15,
-9,
-9,
3,
-19,
2,
2,
-8,
-6,
-10,
37,
60,
23,
-27,
-15,
-21,
-39,
28,
-29,
-3,
9,
-4,
-17,
-21,
-7,
-19,
18,
-7,
-35,
5,
5,
-5,
21,
-7,
9,
21,
29,
20,
16,
4,
-18,
5,
-5,
-9,
21,
16,
-8,
3,
0,
-7,
36,
15,
-4,
16,
19,
0,
15,
13,
16,
13,
1,
15,
-1,
-18,
6,
27,
-12,
-9,
-31,
-19,
-3,
0,
15,
-9,
-5,
-17,
6,
-16,
1,
-3,
7,
-5,
11,
13,
-21,
2,
27,
6,
11,
-3,
-2,
-13,
14,
-9,
3,
1,
26,
-8,
-9,
3,
-27,
-21,
21,
13,
10,
15,
0,
-5,
-13,
-33,
-22,
-21,
-15,
15,
-11,
1,
-19,
9,
-19,
37,
1,
7,
-9,
-22,
-7,
-19,
10,
-1,
-2,
-1,
21,
-1,
-17,
1,
9,
3,
-16,
5,
-16,
14,
-7,
11,
-7,
9,
6,
1,
-4,
4,
4,
-13,
19,
6,
1,
-22,
-21,
-7,
21,
-12,
3,
-20,
13,
5,
12,
-3,
1,
4,
-13,
-10,
6,
-1,
21,
34,
4,
8,
-7,
5,
-6,
3,
-4,
3,
-7,
-28,
-17,
-23,
-5,
5,
5,
-9,
-21,
-21,
-7,
17,
13,
-5,
11,
5,
11,
18,
9,
-6,
-3,
-4,
-3,
10,
5,
3,
-12,
-15,
5,
-21,
16,
-12,
6,
9,
5,
-9,
-5,
21,
-6,
7,
-10,
21,
13,
1,
-6,
-1,
33,
-5,
-12,
-8,
-14,
7,
6,
-7,
3,
4,
1,
-21,
5,
2,
33,
22,
14,
-11,
-7,
15,
14,
-6,
12,
-1,
14,
-1,
1,
3,
-7,
4,
19,
7,
-8,
-6,
-9,
5,
17,
27,
1,
13,
0,
5,
15,
-19,
25,
13,
-2,
3,
2,
9,
-2,
1,
-5,
9,
18,
3,
-15,
0,
-16,
-10,
-5,
-18,
16,
-16,
17,
10,
-2,
-5,
-1,
0,
9,
12,
-14,
10,
1,
-1,
-17,
9,
5,
17,
-1,
-11,
9,
-9,
-5,
15,
22,
-5,
-10,
5,
22,
0,
7,
-5,
-5,
2,
-2,
-5,
-14,
-5,
3,
10,
11,
-2,
5,
7,
6,
29,
13,
-26,
1,
3,
-5,
-9,
-15,
-15,
-9,
-9,
-19,
-7,
3,
-5,
-12,
-22,
-30,
13,
31,
-4,
10,
7,
1,
-11,
26,
-17,
1,
4,
18,
25,
6,
-29,
-6,
-5,
-9,
-29,
6,
-32,
9,
15,
-16,
-2,
12,
23,
-11,
0,
10,
-3,
17,
-9,
3,
-39,
13,
19,
-5,
-21,
1,
21,
-4,
-19,
-7,
11,
4,
-6,
-6,
21,
39,
5,
13,
-9,
13,
-1,
17,
0,
15,
7,
-5,
2,
13,
1,
-23,
11,
21,
-17,
-3,
16,
11,
3,
31,
40,
3,
5,
-8,
7,
21,
-22,
4,
9,
-12,
-9,
-1,
-5,
3,
-16,
10,
-5,
19,
-4,
-12,
-13,
-32,
21,
-1,
-13,
-7,
-14,
22,
-22,
15,
6,
12,
-12,
5,
-7,
-5,
-6,
-3,
-1,
-4,
7,
29,
21,
-9,
-5,
1,
1,
-17,
-3,
27,
-15,
16,
2,
19,
-25,
-4,
-30,
11,
9,
2,
-6,
-15,
-6,
11,
2,
8,
14,
-3,
25,
-9,
14,
10,
-15,
3,
-7,
-7,
-16,
-30,
-27,
-5,
-13,
-39,
9,
11,
12,
-42,
-37,
-11,
22,
-3,
-19,
19,
-37,
4,
-38,
62,
10,
2,
-10,
-9,
29,
21,
-19,
27,
-27,
-14,
-37,
54,
7,
9,
24,
-38,
-13,
26,
26,
-19,
-27,
-1,
-10,
7,
15,
-4,
-50,
-16,
-9,
7,
-5,
35,
17,
-35,
-9,
-19,
-25,
-31,
-27,
-41,
20,
-7,
17,
40,
23,
8,
5,
6,
26,
43,
13,
-20,
13,
28,
11,
-22,
34,
28,
-43,
30,
16,
9,
21,
15,
-3,
30,
1,
-13,
21,
27,
-31,
-41,
17,
-16,
-19,
-5,
17,
51,
-21,
-22,
29,
19,
-14,
-43,
-49,
-30,
15,
-25,
42,
-30,
-1,
-4,
-37,
-5,
-13,
7,
-1,
30,
7,
-27,
2,
-43,
-10,
31,
-26,
52,
41,
-30,
-1,
-3,
27,
-19,
10,
73,
24,
-30,
17,
47,
-8,
-13,
-39,
51,
16,
37,
-6,
37,
-13,
13,
-1,
-8,
3,
11,
15,
-1,
27,
7,
2,
-9,
6,
-20,
-8,
13,
-23,
-12,
-35,
-30,
-17,
-9,
-11,
-15,
-11,
13,
9,
17,
-7,
-9,
-10,
-9,
-28,
13,
15,
-8,
20,
8,
11,
15,
-9,
18,
19,
3,
-5,
31,
31,
-10,
13,
-3,
9,
38,
20,
13,
1,
25,
-4,
-32,
-3,
-9,
-23,
-29,
-35,
8,
12,
10,
9,
12,
-7,
-5,
22,
-24,
7,
-2,
-6,
21,
6,
-4,
9,
-27,
-21,
27,
31,
9,
-15,
-27,
27,
8,
1,
18,
13,
21,
-33,
24,
-22,
-11,
-7,
-14,
15,
25,
24,
-20,
-24,
24,
-24,
-7,
1,
-38,
5,
12,
17,
3,
13,
-1,
13,
8,
-12,
-3,
-2,
-15,
-9,
5,
51,
-29,
-14,
-14,
6,
-13,
-9,
9,
13,
10,
7,
-33,
7,
-19,
2,
-13,
-22,
16,
7,
-21,
13,
-2,
14,
4,
-13,
35,
-35,
2,
6,
7,
-21,
-26,
2,
38,
-11,
31,
4,
23,
21,
-17,
-25,
7,
3,
19,
19,
17,
11,
3,
-4,
7,
-4,
-1,
-23,
23,
-17,
-17,
-9,
-16,
-13,
31,
23,
-11,
-3,
1,
-29,
6,
-1,
8,
-39,
7,
-34,
-12,
1,
-11,
23,
13,
9,
3,
-9,
7,
9,
-2,
-11,
22,
13,
-22,
-12,
21,
17,
10,
25,
17,
9,
-15,
13,
-8,
-8,
-14,
-13,
3,
-25,
-11,
11,
-13,
-8,
24,
-34,
-16,
24,
-2,
27,
2,
-7,
21,
30,
-20,
-30,
10,
-17,
47,
1,
13,
-11,
-25,
19,
12,
30,
32,
-7,
17,
-13,
1,
-39,
-5,
-29,
-11,
10,
-2,
11,
-12,
-33,
13,
-7,
-1,
14,
-22,
22,
17,
26,
-21,
16,
22,
9,
13,
-13,
21,
7,
3,
-6,
1,
1,
-6,
5,
34,
31,
-5,
-28,
-10,
9,
-5,
7,
-10,
-15,
-10,
2,
-41,
-21,
13,
-20,
-6,
16,
-7,
-13,
-2,
-3,
11,
-55,
11,
-9,
33,
0,
-34,
47,
25,
-17,
11,
-8,
2,
25,
-22,
20,
13,
15,
16,
41,
9,
29,
10,
-45,
-11,
11,
-5,
-24,
-13,
-10,
2,
-15,
-24,
-14,
13,
-19,
-30,
