# features.13.residual_branch.2._QL_REPLACED__INTEGERIZE_BN2D_SIGNED_ACT_PASS_13 (shape [7, 7, 160]),
-3,
46,
-47,
1,
-18,
-13,
40,
-24,
15,
10,
35,
74,
36,
19,
18,
70,
33,
-16,
-41,
36,
19,
-9,
-70,
-21,
-39,
-3,
114,
-59,
-128,
-87,
-46,
-4,
29,
21,
-26,
39,
-46,
-30,
-11,
16,
-4,
13,
68,
-75,
45,
-69,
-49,
-128,
-28,
-74,
16,
-19,
38,
-41,
-15,
-57,
24,
-11,
-55,
53,
-37,
-13,
-23,
-1,
7,
-16,
49,
-1,
11,
2,
26,
-17,
43,
-77,
25,
47,
-17,
-38,
-28,
-55,
73,
15,
5,
-41,
-16,
-32,
-28,
-26,
-37,
-13,
-85,
-42,
106,
-1,
-37,
-11,
16,
-7,
-128,
53,
-61,
14,
105,
-16,
-23,
74,
2,
21,
21,
24,
-84,
14,
-19,
63,
36,
20,
36,
-48,
13,
37,
44,
100,
-50,
44,
-11,
53,
-48,
127,
-68,
13,
-56,
-18,
-2,
-12,
12,
127,
104,
68,
-50,
-18,
70,
0,
-72,
-22,
-75,
-47,
-128,
-65,
18,
1,
8,
-22,
62,
23,
127,
-16,
15,
-51,
105,
-19,
20,
17,
-35,
22,
-13,
1,
31,
-22,
11,
-42,
23,
8,
15,
-21,
-11,
12,
7,
26,
3,
6,
29,
6,
-37,
3,
-11,
-19,
-9,
-14,
-46,
-28,
14,
-5,
4,
10,
-17,
9,
-11,
-13,
15,
-19,
-5,
-6,
-3,
-15,
-25,
-51,
-13,
-23,
-14,
-31,
25,
-10,
18,
-24,
-39,
11,
8,
45,
-46,
-1,
-9,
13,
23,
-27,
11,
0,
-3,
-23,
-42,
1,
17,
-12,
20,
6,
-8,
-50,
-1,
1,
-19,
-27,
-30,
-16,
7,
5,
-19,
15,
1,
-16,
39,
-26,
-6,
10,
18,
18,
15,
4,
-6,
26,
-28,
22,
15,
17,
-2,
-17,
5,
-2,
21,
19,
-23,
-44,
13,
-25,
46,
-3,
7,
-34,
-2,
30,
44,
-31,
14,
11,
-8,
-15,
-26,
1,
-2,
16,
-27,
13,
44,
-18,
-27,
12,
55,
28,
44,
55,
-14,
8,
33,
1,
-4,
41,
1,
-32,
-80,
2,
19,
-24,
2,
4,
9,
17,
-26,
-36,
3,
24,
6,
6,
67,
-47,
8,
9,
23,
-3,
-27,
-1,
-9,
27,
10,
-2,
2,
-2,
-15,
1,
24,
38,
-29,
6,
-36,
10,
18,
27,
-8,
-38,
-14,
-8,
21,
55,
-53,
29,
0,
15,
-20,
0,
45,
22,
-7,
-17,
-13,
8,
-12,
-30,
30,
-24,
-30,
34,
-14,
20,
31,
-29,
11,
22,
40,
-8,
32,
-18,
57,
21,
-18,
7,
34,
-8,
8,
-23,
12,
19,
-34,
55,
21,
-19,
23,
-38,
-10,
-47,
-30,
26,
25,
-22,
-16,
1,
29,
31,
19,
-9,
-5,
-81,
-6,
10,
13,
30,
-22,
-30,
-33,
-35,
62,
26,
-1,
16,
-14,
31,
-38,
-17,
14,
41,
41,
-10,
-17,
-32,
-47,
-51,
50,
34,
-25,
-20,
-15,
48,
26,
-28,
-46,
21,
27,
0,
-3,
-2,
-2,
-7,
-2,
18,
20,
56,
-16,
0,
10,
22,
11,
13,
-21,
-48,
2,
-15,
-2,
14,
-11,
13,
3,
39,
25,
-24,
18,
-12,
-13,
4,
-17,
36,
-8,
-5,
16,
12,
52,
-4,
-1,
15,
20,
10,
-13,
18,
-3,
1,
-1,
15,
47,
-6,
-18,
14,
-18,
25,
-8,
-8,
33,
6,
-16,
3,
-12,
-28,
-3,
-12,
11,
27,
-23,
15,
3,
17,
-26,
16,
15,
-10,
-17,
-29,
-2,
23,
-25,
-13,
25,
-14,
-15,
29,
-23,
-22,
12,
-7,
-1,
13,
2,
-3,
28,
2,
10,
44,
-10,
17,
30,
-10,
-13,
-16,
20,
-8,
-16,
7,
12,
-9,
-4,
-32,
-23,
-64,
-19,
23,
37,
-26,
-12,
-5,
17,
57,
23,
-3,
-13,
-57,
0,
31,
5,
53,
-24,
-6,
-9,
7,
61,
0,
-25,
-7,
31,
27,
-41,
-22,
16,
31,
22,
-3,
-40,
-32,
-13,
-54,
42,
4,
-6,
-23,
-36,
33,
23,
-18,
-27,
17,
11,
-3,
-10,
9,
2,
1,
-4,
18,
22,
20,
22,
6,
-10,
2,
-2,
9,
-22,
-27,
2,
14,
-6,
29,
-14,
-6,
5,
15,
20,
-25,
-10,
7,
-11,
7,
7,
12,
-3,
29,
18,
4,
11,
33,
-7,
24,
1,
15,
15,
-6,
-7,
5,
3,
-9,
33,
12,
-19,
-4,
-16,
34,
13,
-3,
52,
23,
-10,
-10,
-10,
-4,
13,
0,
-16,
23,
15,
10,
-11,
2,
1,
5,
-12,
-28,
-7,
-14,
10,
0,
-12,
1,
-23,
-8,
2,
6,
-25,
-1,
-1,
-18,
-3,
-25,
-16,
-8,
17,
24,
-10,
47,
2,
23,
-18,
-37,
-15,
29,
10,
-30,
-19,
-5,
0,
2,
-12,
-6,
-11,
-54,
-12,
36,
-38,
-28,
-15,
-5,
-13,
16,
7,
1,
3,
-28,
4,
-7,
-17,
28,
-11,
20,
6,
24,
11,
-15,
11,
-19,
4,
26,
-26,
-36,
12,
9,
3,
12,
-57,
1,
12,
-12,
16,
-13,
7,
-37,
-2,
8,
14,
-11,
-8,
0,
-13,
-14,
-18,
-2,
14,
19,
3,
-8,
20,
2,
13,
-7,
21,
-29,
4,
10,
-6,
16,
6,
31,
8,
38,
-6,
-27,
-5,
19,
17,
-7,
-10,
10,
3,
25,
-14,
-23,
27,
53,
-9,
-18,
-16,
17,
-20,
7,
-13,
7,
-3,
-9,
-26,
14,
16,
-15,
5,
-5,
7,
-15,
11,
23,
-3,
29,
-4,
16,
8,
-5,
15,
2,
2,
36,
-18,
6,
-23,
-11,
-3,
8,
-14,
-8,
-15,
6,
-1,
-12,
-16,
-12,
5,
13,
-38,
-23,
9,
-19,
-19,
-21,
-1,
5,
1,
-9,
-6,
3,
20,
33,
15,
26,
-20,
-17,
4,
-11,
10,
-7,
20,
-17,
16,
33,
16,
20,
-5,
7,
-29,
-16,
19,
41,
-62,
-12,
-27,
24,
-9,
-12,
16,
-7,
27,
-8,
7,
22,
4,
11,
-7,
22,
-13,
41,
18,
3,
33,
19,
-32,
29,
11,
-3,
-11,
8,
-6,
17,
-13,
-13,
-9,
24,
18,
-2,
1,
-24,
-16,
17,
-1,
26,
9,
3,
18,
6,
-9,
-17,
4,
7,
0,
9,
49,
-3,
24,
-13,
41,
15,
10,
30,
-16,
19,
2,
18,
27,
24,
20,
-1,
-5,
13,
8,
7,
-25,
22,
5,
17,
8,
-24,
33,
41,
-8,
16,
2,
24,
-20,
-16,
-1,
0,
54,
-1,
3,
12,
34,
29,
52,
-8,
4,
-43,
40,
21,
9,
9,
-18,
-8,
-12,
-21,
-59,
32,
65,
24,
-69,
-39,
-14,
-7,
31,
31,
16,
50,
-2,
3,
-19,
-33,
-13,
31,
39,
40,
-22,
-25,
-26,
-10,
-41,
-33,
-4,
-44,
26,
18,
-35,
-47,
-27,
22,
-32,
33,
48,
-49,
9,
-20,
-3,
-7,
25,
8,
3,
60,
-3,
21,
11,
49,
23,
-22,
3,
13,
-54,
-50,
12,
-6,
-44,
-52,
-4,
-2,
46,
-17,
-15,
-22,
24,
-36,
6,
-9,
-25,
6,
54,
-37,
-55,
54,
-42,
59,
45,
-27,
12,
41,
63,
23,
-25,
-12,
-16,
-3,
55,
-4,
-28,
-78,
-9,
22,
4,
-24,
12,
-2,
-27,
14,
-4,
8,
-34,
79,
-7,
-3,
16,
23,
-41,
4,
50,
85,
76,
56,
13,
6,
6,
7,
-21,
7,
-31,
-44,
-72,
-50,
16,
18,
39,
-12,
-17,
-10,
54,
-43,
-14,
-17,
74,
-9,
-13,
22,
6,
-22,
-21,
34,
11,
-16,
38,
-25,
9,
3,
-4,
0,
12,
9,
9,
22,
-30,
14,
23,
-6,
-36,
-30,
5,
-9,
26,
-31,
-9,
-35,
32,
-4,
27,
-6,
-34,
-11,
-13,
-2,
34,
9,
15,
-14,
-31,
6,
4,
9,
-30,
-21,
-10,
-33,
-1,
17,
26,
-32,
-17,
18,
7,
35,
3,
1,
7,
34,
-3,
-18,
-15,
25,
-46,
10,
-17,
-56,
10,
-15,
14,
31,
10,
1,
2,
-11,
0,
-25,
-6,
-43,
20,
-32,
-9,
28,
-12,
10,
29,
14,
-28,
2,
-9,
8,
23,
12,
14,
39,
-27,
-9,
46,
42,
13,
6,
-18,
41,
-5,
-10,
-53,
-45,
2,
-53,
28,
-6,
-35,
19,
-17,
19,
38,
8,
19,
4,
12,
-26,
-10,
-22,
-11,
-14,
-10,
14,
37,
-24,
-17,
-8,
38,
24,
42,
26,
-17,
24,
6,
14,
27,
43,
16,
-4,
-76,
-15,
11,
-23,
-34,
56,
34,
-16,
4,
-18,
9,
14,
-20,
9,
8,
-4,
11,
-14,
15,
-9,
10,
-23,
9,
-20,
25,
-6,
4,
0,
-1,
-2,
-14,
9,
6,
15,
19,
-5,
3,
11,
14,
-2,
-2,
8,
1,
-9,
26,
16,
-3,
-3,
-8,
13,
-1,
-14,
1,
2,
31,
-3,
-29,
0,
9,
-7,
3,
2,
-4,
-12,
-5,
-7,
4,
-6,
-5,
-17,
12,
9,
10,
0,
8,
-17,
8,
-37,
-10,
16,
-6,
21,
-28,
3,
20,
-17,
2,
5,
-25,
-31,
25,
-2,
-14,
-28,
16,
-17,
-2,
3,
4,
21,
-25,
13,
15,
-5,
-4,
29,
-9,
-2,
2,
-19,
7,
20,
-1,
-5,
18,
-1,
-11,
1,
18,
2,
-8,
-8,
-8,
-30,
17,
-27,
29,
1,
-2,
-15,
-10,
8,
26,
-14,
5,
12,
-16,
-2,
8,
-29,
6,
-11,
-9,
10,
21,
-15,
-5,
20,
9,
-4,
29,
3,
-21,
-5,
-9,
-25,
24,
4,
-13,
-11,
-5,
6,
-4,
-7,
-7,
8,
-12,
-2,
-17,
10,
18,
13,
-22,
6,
42,
-15,
22,
-23,
34,
23,
-53,
-13,
-17,
-4,
17,
-3,
-24,
-26,
-33,
-47,
54,
21,
8,
-3,
-38,
-43,
26,
35,
24,
-19,
57,
7,
3,
5,
-26,
55,
-4,
61,
-25,
90,
23,
57,
-14,
11,
35,
-23,
-43,
-16,
15,
26,
-48,
2,
-50,
93,
22,
-19,
-21,
57,
-18,
-51,
61,
-57,
37,
-21,
3,
8,
22,
1,
26,
21,
13,
36,
-10,
83,
78,
-46,
-56,
-15,
-8,
-59,
29,
5,
24,
-6,
7,
37,
34,
1,
-4,
-18,
4,
-13,
-6,
32,
-46,
36,
12,
-51,
-54,
-42,
47,
-29,
-63,
-40,
-11,
-2,
-49,
-1,
-67,
-20,
48,
-26,
66,
-33,
-33,
-33,
30,
38,
-56,
-41,
-37,
34,
3,
-16,
-33,
67,
-14,
48,
25,
-21,
36,
40,
2,
23,
5,
-11,
-21,
11,
40,
2,
1,
53,
-71,
-115,
-6,
-55,
36,
-17,
-38,
26,
10,
40,
-1,
34,
23,
-20,
28,
24,
-20,
27,
-21,
-9,
19,
29,
36,
5,
17,
-34,
43,
19,
-48,
-11,
-4,
7,
18,
-2,
-13,
-12,
-11,
-21,
15,
12,
-10,
6,
-19,
-34,
21,
31,
20,
-23,
44,
-16,
7,
1,
9,
23,
0,
52,
-11,
59,
-5,
13,
-8,
1,
24,
9,
-41,
11,
0,
46,
-49,
6,
-46,
48,
-9,
1,
-27,
23,
-12,
-50,
56,
-16,
35,
-4,
0,
-4,
25,
5,
14,
13,
21,
22,
-10,
53,
55,
-42,
-41,
2,
-13,
-64,
36,
13,
3,
-4,
14,
23,
45,
11,
-6,
-1,
-1,
-11,
12,
8,
-20,
39,
-5,
-28,
-32,
-19,
62,
-21,
-69,
-41,
11,
2,
-18,
-14,
-57,
-12,
42,
-1,
29,
-39,
-13,
-40,
28,
21,
-34,
-35,
-41,
19,
4,
-15,
-28,
61,
-12,
30,
22,
-15,
31,
9,
0,
7,
-2,
-33,
-5,
3,
17,
-26,
12,
16,
-67,
-103,
-9,
-32,
23,
-18,
-26,
5,
10,
23,
-8,
26,
10,
-1,
9,
7,
-26,
7,
-14,
4,
17,
20,
5,
15,
6,
6,
10,
11,
21,
-3,
9,
-7,
16,
-14,
6,
-11,
21,
9,
-10,
18,
-4,
4,
14,
4,
8,
2,
22,
-1,
27,
-5,
-2,
20,
20,
12,
-5,
-1,
12,
7,
-33,
-36,
-7,
3,
31,
9,
-10,
-9,
-4,
4,
29,
1,
-12,
-8,
-12,
18,
-1,
-11,
-7,
-27,
7,
24,
22,
16,
-3,
-9,
-4,
-32,
-22,
6,
-6,
4,
-23,
-9,
-4,
-4,
20,
-18,
-29,
-21,
17,
31,
-56,
-15,
7,
-4,
-14,
-12,
1,
-9,
-28,
0,
4,
1,
-23,
11,
-18,
13,
-6,
2,
17,
3,
7,
-12,
0,
14,
-19,
-22,
6,
-4,
-3,
4,
-27,
13,
-10,
-3,
18,
-2,
-13,
-3,
-19,
13,
0,
0,
-6,
2,
-17,
-5,
-3,
-6,
12,
7,
-4,
3,
16,
-4,
3,
-13,
7,
-15,
-3,
-12,
-22,
3,
-3,
5,
26,
19,
4,
-31,
19,
8,
6,
-2,
-40,
13,
2,
5,
-16,
1,
34,
32,
-21,
-7,
-21,
10,
-23,
-3,
24,
22,
12,
8,
-22,
-2,
5,
-35,
-11,
-20,
30,
3,
10,
18,
-17,
40,
10,
18,
27,
0,
2,
-4,
28,
19,
-19,
17,
-3,
7,
-9,
8,
15,
5,
-19,
-1,
-4,
-2,
16,
-14,
1,
-10,
-32,
-16,
59,
-4,
-1,
-11,
-16,
-13,
25,
-3,
-28,
-26,
14,
30,
36,
2,
-23,
-34,
-2,
-12,
-7,
13,
-13,
-2,
12,
-12,
19,
4,
14,
-44,
-44,
3,
22,
37,
-86,
-14,
-9,
6,
-8,
-42,
22,
-13,
23,
0,
-15,
48,
-11,
-9,
-24,
10,
-24,
29,
37,
-6,
15,
-6,
-26,
25,
-3,
-1,
-23,
-4,
-33,
-6,
-21,
5,
-10,
20,
12,
3,
-16,
13,
-24,
9,
4,
17,
-1,
-8,
5,
5,
-6,
-28,
-4,
-9,
15,
12,
37,
-1,
14,
-10,
32,
9,
18,
5,
-18,
8,
8,
17,
57,
33,
21,
-18,
15,
3,
12,
7,
-40,
32,
-3,
-3,
14,
-22,
53,
28,
-16,
-2,
6,
18,
-3,
4,
-1,
-3,
23,
14,
-21,
8,
26,
-43,
7,
-17,
4,
-26,
3,
13,
-5,
19,
15,
11,
-3,
4,
-3,
-5,
47,
23,
-1,
19,
33,
-4,
-10,
-6,
19,
5,
12,
8,
1,
14,
3,
-11,
-1,
20,
-37,
3,
28,
2,
-6,
-15,
-26,
5,
18,
1,
-39,
-21,
16,
12,
2,
10,
-31,
-40,
-15,
-33,
1,
10,
-36,
27,
8,
23,
3,
-20,
9,
9,
10,
13,
-8,
31,
-35,
-30,
2,
-14,
-17,
-40,
8,
-23,
-20,
-23,
-21,
20,
9,
-17,
-27,
12,
-8,
11,
25,
-18,
-15,
8,
12,
13,
-4,
6,
-19,
14,
-19,
-5,
-34,
3,
9,
5,
2,
-20,
-30,
0,
-29,
-3,
3,
-6,
7,
-1,
-18,
11,
-8,
-17,
7,
10,
24,
12,
12,
0,
2,
-10,
52,
-1,
17,
13,
-6,
20,
17,
-3,
16,
17,
-5,
-1,
15,
3,
8,
37,
4,
25,
11,
19,
-7,
-2,
14,
4,
-8,
-2,
-3,
28,
14,
-10,
-6,
-3,
19,
-23,
9,
-17,
3,
-18,
8,
19,
11,
-2,
-5,
15,
-25,
-2,
14,
3,
-7,
-23,
14,
11,
19,
-14,
9,
-24,
15,
20,
12,
-12,
-5,
-16,
6,
-24,
7,
-17,
19,
-6,
-11,
10,
4,
-17,
13,
-3,
-5,
1,
-7,
7,
12,
-25,
2,
-6,
14,
14,
31,
10,
3,
6,
-2,
-25,
-36,
22,
-37,
16,
-33,
-14,
0,
-20,
24,
5,
-2,
-5,
5,
-14,
-37,
-24,
13,
-16,
9,
-22,
14,
6,
-7,
5,
17,
-4,
-12,
2,
-17,
2,
10,
-3,
-8,
20,
16,
-16,
6,
16,
-11,
-25,
-14,
14,
-8,
-25,
-34,
-35,
4,
-11,
5,
-21,
-29,
12,
-28,
11,
28,
13,
-4,
19,
-10,
-34,
-33,
-42,
-3,
-25,
-20,
-1,
11,
0,
14,
1,
15,
-1,
30,
-7,
7,
12,
7,
-4,
29,
16,
12,
1,
-19,
-26,
5,
-33,
-11,
21,
-10,
-15,
18,
-4,
13,
25,
-30,
8,
4,
8,
2,
-14,
5,
-18,
12,
-8,
16,
-12,
17,
-4,
6,
6,
13,
22,
6,
-11,
-1,
8,
-8,
-12,
6,
10,
13,
3,
-14,
17,
16,
-9,
14,
2,
-1,
15,
-1,
3,
10,
-19,
13,
-17,
3,
-5,
-6,
19,
2,
0,
15,
10,
6,
14,
-23,
10,
11,
-10,
-7,
-13,
-3,
13,
6,
-1,
17,
6,
-11,
-19,
-4,
18,
-22,
15,
-25,
9,
0,
-3,
6,
3,
-16,
0,
8,
7,
-3,
-22,
14,
-12,
-9,
8,
-5,
0,
-20,
8,
12,
-19,
3,
10,
-3,
10,
1,
-4,
-4,
7,
10,
-7,
-4,
5,
-4,
4,
15,
-12,
-11,
-13,
-9,
-16,
0,
1,
7,
-10,
-8,
-12,
6,
-14,
7,
3,
-1,
19,
-5,
-3,
-13,
-31,
2,
-8,
4,
9,
7,
5,
5,
6,
0,
0,
7,
2,
14,
-15,
5,
-12,
24,
-3,
-12,
-3,
10,
13,
-10,
-18,
-7,
10,
-6,
6,
-4,
8,
18,
1,
-16,
-1,
10,
20,
24,
-50,
-1,
-12,
-23,
-22,
1,
5,
22,
-1,
-3,
-7,
-5,
-1,
37,
10,
15,
20,
-26,
-16,
14,
16,
24,
-12,
13,
8,
13,
-19,
23,
3,
-6,
16,
-9,
31,
0,
10,
6,
-9,
35,
10,
-11,
16,
39,
31,
-25,
-8,
-4,
63,
-13,
7,
-26,
-17,
2,
-16,
28,
-13,
42,
-29,
7,
-4,
14,
7,
13,
36,
0,
18,
-44,
26,
19,
-38,
-50,
-8,
-19,
-40,
50,
26,
3,
2,
44,
-19,
-29,
2,
-8,
11,
8,
-3,
30,
34,
-20,
32,
-21,
-20,
-14,
-31,
19,
-31,
-24,
-8,
-16,
-15,
-6,
-4,
21,
-9,
33,
-1,
27,
-23,
11,
-9,
18,
-5,
-28,
-1,
-5,
27,
0,
8,
-17,
29,
-18,
40,
18,
-30,
5,
-1,
-19,
-8,
-27,
-7,
5,
-20,
-27,
-5,
7,
27,
-48,
-49,
-19,
-7,
3,
-34,
-51,
5,
3,
35,
-14,
-21,
27,
-19,
20,
-5,
8,
17,
-2,
11,
16,
-6,
9,
7,
0,
-64,
-33,
12,
-11,
-40,
-34,
5,
26,
0,
8,
-14,
-29,
14,
21,
-7,
-4,
-3,
8,
-24,
12,
0,
-6,
-13,
-3,
-4,
22,
2,
-12,
-1,
0,
6,
-1,
-8,
10,
1,
7,
6,
30,
20,
-11,
12,
39,
38,
-38,
4,
10,
5,
-25,
18,
-17,
-14,
-12,
-17,
40,
-9,
29,
-16,
-3,
14,
15,
8,
22,
31,
18,
8,
-6,
-2,
-10,
-16,
-26,
-18,
-18,
-41,
19,
13,
11,
-19,
33,
-23,
-37,
18,
-7,
-20,
-8,
-25,
26,
55,
-1,
12,
2,
4,
2,
-18,
22,
-12,
-23,
7,
0,
18,
-24,
-12,
-10,
0,
19,
8,
1,
-14,
7,
-23,
23,
-3,
-20,
12,
7,
1,
17,
22,
-37,
16,
-7,
11,
4,
-13,
4,
-14,
-23,
-21,
-44,
9,
15,
18,
-20,
12,
-13,
24,
-48,
-54,
19,
-40,
6,
-43,
-31,
8,
-11,
21,
16,
-9,
35,
-36,
25,
-27,
5,
-10,
8,
11,
21,
-19,
-6,
5,
-12,
-17,
-34,
1,
5,
-19,
0,
-6,
16,
0,
21,
-17,
-12,
26,
-7,
-18,
11,
-5,
12,
-10,
-10,
-9,
-22,
3,
-7,
3,
7,
24,
13,
11,
-3,
-19,
25,
-29,
0,
-25,
-17,
11,
32,
13,
-12,
29,
11,
1,
21,
3,
7,
-16,
-24,
20,
14,
-12,
-20,
-11,
3,
14,
8,
7,
11,
-12,
-10,
-14,
-9,
15,
3,
22,
-6,
8,
-29,
-2,
17,
-39,
-17,
5,
5,
34,
-20,
-19,
6,
-3,
-19,
18,
-17,
-12,
-4,
5,
8,
24,
11,
2,
5,
27,
13,
-9,
5,
-2,
7,
7,
-2,
16,
-6,
-23,
5,
-5,
14,
-17,
-17,
11,
-2,
7,
11,
-14,
-2,
8,
-6,
-11,
-1,
5,
-11,
10,
5,
-13,
4,
6,
2,
-9,
-1,
-24,
-8,
27,
-5,
12,
-10,
-5,
-27,
3,
-5,
-5,
9,
-15,
37,
-14,
15,
-2,
4,
18,
24,
5,
-10,
-17,
9,
-20,
-11,
-7,
25,
13,
9,
-2,
5,
19,
-20,
-16,
5,
15,
8,
21,
-8,
-10,
2,
-24,
4,
-18,
12,
-10,
-3,
-2,
4,
12,
3,
-17,
6,
-2,
-28,
0,
11,
16,
0,
28,
3,
-9,
-7,
-21,
9,
3,
-20,
-17,
-8,
-4,
13,
-6,
-20,
5,
2,
-4,
33,
17,
8,
-2,
-11,
13,
6,
-9,
-19,
-13,
-4,
9,
22,
0,
0,
-12,
5,
-4,
-8,
6,
-16,
16,
-5,
5,
-16,
-5,
3,
-24,
-29,
0,
16,
17,
-42,
-6,
0,
-9,
8,
-12,
25,
2,
4,
-10,
0,
25,
-33,
6,
-30,
16,
-12,
6,
6,
4,
-8,
-7,
-7,
22,
8,
-25,
13,
-20,
-3,
0,
-27,
12,
13,
-6,
19,
-8,
-7,
14,
-32,
5,
-18,
11,
5,
1,
-15,
0,
-23,
2,
17,
-7,
-4,
-5,
14,
4,
-18,
-12,
-4,
-2,
-1,
3,
-9,
3,
-3,
-2,
31,
12,
21,
-20,
13,
9,
6,
6,
-30,
41,
-4,
-12,
-14,
-4,
33,
20,
7,
-16,
23,
26,
-4,
8,
-23,
7,
16,
-15,
-8,
-14,
23,
-12,
8,
-10,
-23,
-26,
-14,
11,
15,
1,
34,
-7,
-1,
-7,
-10,
-7,
35,
-26,
3,
17,
25,
-13,
8,
-10,
20,
-5,
14,
-18,
9,
3,
0,
-12,
2,
8,
-27,
-7,
4,
9,
13,
-16,
-27,
33,
-2,
-9,
-16,
-15,
13,
2,
-13,
31,
-14,
-17,
-18,
-41,
7,
13,
-44,
16,
-1,
-6,
1,
-20,
2,
17,
16,
-14,
3,
4,
-14,
-24,
15,
-24,
-21,
-17,
7,
-32,
-25,
-30,
-3,
2,
0,
14,
-50,
6,
16,
18,
6,
-8,
1,
17,
18,
28,
-26,
-27,
-9,
4,
-25,
-4,
-29,
6,
7,
-9,
13,
-16,
-6,
8,
-31,
10,
-1,
-21,
3,
12,
-16,
16,
-28,
-6,
11,
11,
18,
20,
24,
-5,
4,
-20,
45,
0,
10,
28,
4,
5,
25,
-13,
23,
49,
-11,
-15,
17,
2,
-8,
22,
11,
28,
21,
3,
-16,
6,
-2,
9,
-16,
-15,
6,
-3,
5,
-33,
-4,
-8,
16,
-9,
1,
-8,
3,
-6,
-14,
-4,
6,
7,
-4,
-15,
-11,
-3,
-17,
-11,
3,
10,
-3,
3,
8,
6,
25,
-11,
9,
-21,
0,
-2,
15,
7,
10,
-16,
3,
-27,
5,
-11,
5,
15,
-1,
-9,
19,
14,
-8,
-10,
-3,
25,
7,
-9,
16,
-9,
16,
11,
29,
-7,
-7,
10,
7,
-23,
-6,
2,
-20,
9,
-17,
18,
-2,
-12,
21,
15,
3,
9,
-10,
-12,
-27,
-11,
1,
-18,
-12,
-5,
-22,
-2,
-11,
10,
1,
-16,
2,
6,
17,
2,
2,
-3,
11,
2,
7,
-11,
8,
7,
-7,
7,
-6,
-4,
-14,
-26,
-17,
-30,
-10,
1,
0,
-18,
-13,
-9,
-8,
-6,
2,
1,
-15,
31,
-15,
-9,
-8,
-23,
-9,
-5,
0,
11,
-5,
11,
-9,
9,
-7,
-10,
3,
4,
20,
3,
11,
-15,
16,
4,
4,
10,
-15,
15,
-10,
-1,
8,
13,
-14,
-3,
6,
-1,
2,
14,
-21,
0,
27,
-16,
11,
-40,
34,
-40,
10,
4,
-15,
-21,
10,
-16,
16,
-35,
-7,
8,
-37,
-27,
-6,
33,
-8,
-15,
-27,
19,
-24,
6,
-8,
10,
35,
29,
-2,
-15,
3,
-33,
-31,
-11,
10,
7,
21,
-27,
8,
17,
-10,
0,
22,
15,
8,
-21,
7,
-1,
10,
-5,
14,
36,
5,
15,
-15,
2,
40,
-1,
8,
-13,
15,
-20,
17,
15,
33,
5,
7,
16,
-43,
6,
-24,
-1,
16,
15,
-5,
22,
-23,
-4,
13,
28,
20,
12,
16,
-21,
-37,
20,
38,
13,
-17,
35,
36,
18,
-21,
-6,
-9,
4,
-6,
-27,
-2,
13,
-20,
10,
-32,
-13,
-32,
-24,
-5,
-9,
0,
0,
4,
6,
18,
5,
6,
-7,
26,
39,
-10,
-3,
2,
-11,
-11,
-18,
-15,
-3,
6,
45,
-23,
41,
-28,
33,
17,
-1,
-23,
8,
-27,
-24,
42,
5,
1,
3,
3,
-14,
22,
27,
0,
22,
-20,
-2,
-21,
-4,
18,
-7,
56,
10,
-15,
-6,
17,
-2,
-15,
-29,
-26,
6,
20,
17,
-46,
-25,
5,
-28,
28,
8,
-63,
19,
-24,
-5,
-10,
33,
27,
19,
-13,
-3,
17,
15,
8,
-9,
60,
34,
-23,
-46,
-17,
-14,
-9,
-37,
11,
8,
12,
0,
36,
29,
-8,
-48,
2,
-12,
-2,
4,
-16,
-26,
-31,
-9,
20,
35,
-8,
-4,
-25,
27,
17,
1,
-26,
28,
9,
33,
51,
8,
52,
-11,
34,
-14,
-27,
-9,
-36,
28,
-9,
2,
1,
-6,
-11,
-48,
11,
-1,
-25,
47,
3,
-29,
-38,
8,
65,
50,
-4,
22,
22,
11,
-41,
-9,
-18,
28,
10,
8,
-3,
14,
1,
4,
-29,
-17,
-33,
-10,
-14,
-2,
-26,
-27,
-13,
1,
-7,
-1,
31,
-49,
40,
58,
7,
8,
26,
8,
-6,
-5,
-57,
-9,
-31,
27,
-14,
50,
4,
34,
-17,
-2,
-44,
11,
-30,
1,
52,
0,
-22,
-29,
-19,
-8,
-7,
-25,
22,
20,
-13,
-20,
14,
-32,
35,
0,
0,
25,
9,
-33,
-17,
-8,
-41,
-42,
-50,
13,
28,
-33,
-59,
-11,
-1,
-47,
20,
2,
-36,
11,
3,
10,
-58,
21,
-20,
0,
-7,
-18,
21,
-19,
-1,
-23,
46,
29,
-27,
-38,
-10,
17,
14,
-22,
32,
38,
13,
27,
21,
4,
-28,
-36,
25,
-2,
11,
36,
-7,
-43,
-36,
12,
16,
8,
-19,
-4,
0,
48,
-1,
-20,
-1,
22,
-13,
31,
25,
-8,
-10,
27,
50,
-17,
-5,
-7,
-12,
35,
-7,
-33,
-11,
13,
10,
-44,
16,
-15,
-22,
59,
-20,
-7,
-36,
-25,
37,
30,
23,
34,
8,
-2,
-26,
0,
-14,
47,
16,
36,
1,
46,
-28,
7,
-28,
-28,
-20,
-2,
-26,
-9,
-67,
-50,
-19,
30,
-39,
-3,
29,
-31,
14,
29,
-10,
8,
27,
-16,
9,
-16,
-25,
12,
-15,
5,
-17,
38,
19,
-12,
-8,
-5,
-47,
15,
-40,
-16,
35,
-17,
17,
-10,
3,
1,
-17,
1,
26,
17,
7,
-36,
45,
-26,
-2,
3,
-47,
3,
-1,
-27,
14,
-24,
-16,
-31,
-35,
2,
-5,
-25,
-48,
-7,
-1,
-15,
32,
-42,
-26,
-15,
7,
-3,
7,
17,
-34,
-7,
-2,
-1,
-13,
-7,
-17,
-16,
43,
10,
-18,
6,
-32,
-14,
7,
-6,
25,
43,
-17,
19,
-9,
20,
-4,
2,
45,
-10,
28,
35,
7,
-12,
-28,
21,
7,
5,
0,
4,
8,
36,
16,
-26,
2,
-5,
-20,
3,
8,
-3,
3,
24,
34,
-17,
8,
-14,
-16,
-19,
9,
-10,
-19,
17,
-14,
0,
25,
3,
-8,
33,
-40,
-9,
1,
5,
13,
21,
29,
16,
24,
2,
3,
23,
11,
42,
-1,
23,
-14,
25,
4,
19,
-17,
-22,
-14,
-18,
-11,
-26,
-22,
-18,
-1,
-5,
-7,
-3,
-9,
-2,
-4,
-1,
3,
23,
37,
-6,
12,
14,
28,
13,
7,
19,
-4,
17,
15,
-13,
-12,
-4,
-30,
4,
-23,
8,
9,
-23,
28,
-16,
-2,
-8,
-2,
42,
24,
31,
14,
-27,
36,
-27,
-34,
-22,
-16,
-14,
21,
-11,
-7,
12,
-7,
-39,
-34,
-4,
-19,
2,
-35,
-22,
-19,
1,
22,
-14,
-33,
-13,
-52,
4,
23,
71,
-10,
22,
-25,
2,
-21,
-8,
5,
-14,
22,
41,
-16,
-27,
0,
-27,
10,
9,
-9,
-16,
22,
-2,
-44,
-5,
13,
-23,
5,
-16,
-2,
6,
25,
-4,
4,
3,
12,
31,
13,
-1,
36,
6,
31,
-13,
16,
-1,
9,
4,
-11,
-3,
-14,
34,
29,
6,
-15,
5,
-24,
41,
-12,
4,
-13,
15,
1,
-21,
12,
-14,
16,
-3,
-8,
-6,
-5,
26,
47,
12,
-30,
25,
4,
14,
-21,
2,
-34,
12,
-20,
-9,
19,
42,
14,
2,
4,
-34,
-28,
8,
-11,
9,
35,
-30,
-4,
2,
4,
20,
-18,
-6,
25,
2,
34,
1,
-6,
-32,
-9,
27,
-7,
-11,
6,
18,
-12,
-5,
13,
10,
-27,
-14,
-54,
27,
-24,
16,
31,
-48,
32,
2,
-36,
-64,
8,
-19,
9,
10,
-33,
21,
18,
-3,
-27,
-30,
-3,
2,
55,
-2,
-6,
24,
-18,
10,
-17,
-12,
2,
-2,
-6,
-3,
-14,
-5,
-4,
-2,
-23,
-22,
6,
3,
12,
16,
18,
-2,
-12,
-4,
18,
7,
6,
-5,
6,
15,
28,
-2,
32,
-10,
26,
-23,
-14,
-48,
-4,
-38,
5,
-9,
7,
24,
-31,
-4,
1,
-2,
23,
-5,
-16,
14,
5,
-9,
2,
-29,
7,
13,
38,
19,
-5,
-29,
-15,
-20,
3,
5,
-34,
45,
-19,
11,
12,
-9,
22,
25,
2,
3,
13,
-1,
-56,
0,
15,
-17,
-7,
-26,
11,
-10,
4,
-5,
12,
1,
7,
-12,
-16,
-4,
11,
-6,
-15,
-2,
14,
1,
-1,
31,
-30,
-19,
1,
10,
10,
-13,
-25,
-4,
9,
-3,
0,
-7,
2,
19,
6,
16,
3,
-11,
19,
31,
-9,
-19,
-28,
7,
13,
-4,
6,
-13,
5,
14,
-27,
6,
28,
-16,
1,
19,
11,
-6,
15,
-6,
38,
2,
7,
-11,
17,
4,
-13,
20,
-16,
35,
-7,
-4,
-6,
2,
7,
5,
8,
-6,
3,
-15,
13,
-27,
2,
-7,
20,
-15,
7,
21,
13,
-2,
-18,
-14,
13,
8,
4,
-30,
-14,
-11,
-11,
-5,
6,
18,
1,
-10,
11,
13,
36,
-39,
12,
-6,
5,
21,
26,
12,
-1,
8,
8,
-39,
-2,
-14,
-5,
26,
13,
11,
-3,
-6,
-20,
0,
-10,
30,
-4,
8,
-1,
10,
26,
0,
31,
-17,
-9,
16,
0,
-50,
-3,
-1,
-27,
14,
-16,
25,
-4,
-13,
2,
17,
8,
1,
4,
-11,
-3,
0,
0,
-13,
-1,
3,
-24,
8,
-6,
15,
16,
-21,
12,
15,
9,
2,
10,
3,
24,
-7,
4,
-10,
-18,
0,
0,
41,
7,
-12,
-17,
-22,
-14,
-17,
-5,
1,
15,
1,
-14,
-3,
13,
6,
2,
-1,
-5,
13,
-29,
3,
-6,
-35,
12,
13,
-12,
-12,
-23,
4,
4,
13,
-1,
-5,
8,
2,
15,
-8,
-4,
-17,
18,
-13,
6,
10,
-20,
40,
-22,
10,
8,
10,
-23,
-4,
-1,
-23,
9,
6,
-15,
-19,
37,
-11,
10,
-16,
28,
-36,
-5,
-37,
-23,
13,
-27,
-19,
-4,
-72,
-30,
-43,
-7,
-8,
28,
12,
-9,
-34,
-29,
9,
-15,
4,
26,
-25,
36,
-3,
-11,
-5,
-24,
-4,
-20,
-7,
-3,
30,
12,
-5,
35,
9,
-12,
-16,
52,
25,
6,
-8,
-22,
15,
26,
-16,
-18,
65,
18,
10,
-13,
-9,
61,
-37,
15,
-19,
-18,
-17,
-12,
17,
24,
9,
-3,
10,
7,
-31,
-50,
20,
34,
-32,
5,
32,
8,
-4,
15,
24,
2,
-12,
27,
18,
-2,
22,
49,
11,
-23,
51,
11,
-10,
-39,
-4,
20,
-9,
-17,
-19,
-22,
12,
10,
29,
-11,
-39,
-11,
-15,
-18,
-22,
15,
-15,
24,
46,
7,
24,
33,
12,
28,
-14,
6,
17,
-23,
-19,
-1,
-22,
-6,
5,
-18,
17,
-39,
38,
11,
-6,
-9,
-20,
-4,
22,
-59,
-51,
10,
-11,
30,
13,
8,
-18,
10,
50,
-24,
13,
17,
-8,
-12,
-2,
-21,
-41,
56,
5,
-19,
-41,
15,
2,
0,
-4,
-7,
-14,
-14,
-2,
-16,
12,
3,
-18,
8,
-2,
-22,
5,
-6,
5,
8,
14,
23,
-4,
-11,
6,
1,
9,
14,
1,
30,
-11,
-15,
-22,
12,
-25,
-2,
-16,
-20,
3,
19,
0,
1,
9,
7,
-41,
-4,
-3,
18,
-6,
-24,
9,
-16,
7,
-5,
21,
1,
-11,
-13,
-15,
29,
-3,
12,
-2,
14,
3,
16,
29,
19,
-4,
23,
-3,
-9,
-8,
-7,
19,
8,
-5,
-2,
17,
-1,
-11,
6,
-1,
8,
11,
-3,
-5,
8,
4,
55,
31,
6,
22,
7,
-12,
-20,
-3,
3,
20,
6,
0,
5,
20,
24,
32,
-3,
-46,
-9,
-11,
22,
-15,
7,
-4,
-5,
0,
-9,
-8,
29,
-6,
12,
-6,
-8,
-3,
3,
0,
-13,
-3,
-30,
-10,
-22,
28,
-9,
13,
26,
18,
-26,
-14,
-18,
17,
-8,
23,
14,
-34,
7,
-24,
22,
-13,
-1,
26,
3,
13,
-7,
-28,
12,
-20,
6,
-12,
29,
7,
12,
-18,
2,
-2,
-5,
-38,
-7,
15,
-22,
-15,
-28,
37,
-11,
4,
-5,
-5,
-22,
-4,
-17,
-8,
-8,
14,
-1,
-28,
3,
-4,
42,
-15,
-7,
-7,
49,
-40,
8,
-21,
12,
-7,
9,
10,
-35,
3,
10,
0,
1,
10,
14,
-4,
-14,
-7,
2,
22,
-38,
9,
-6,
4,
-5,
25,
-22,
-22,
17,
-11,
23,
-35,
9,
-23,
-18,
10,
-16,
2,
13,
8,
-5,
15,
12,
-20,
-15,
14,
16,
-21,
28,
21,
-14,
10,
7,
-26,
25,
14,
3,
-11,
13,
21,
29,
1,
9,
29,
-5,
-7,
-59,
8,
21,
10,
-5,
14,
-1,
20,
12,
51,
-14,
-38,
5,
11,
10,
-31,
8,
-30,
-25,
13,
-24,
6,
-2,
10,
4,
-19,
4,
4,
-12,
17,
-11,
-14,
-8,
-4,
-23,
12,
-20,
14,
19,
-3,
-26,
-39,
-9,
16,
-18,
-22,
-13,
-8,
20,
-10,
4,
35,
9,
27,
-9,
45,
18,
-13,
-11,
-7,
-28,
-18,
21,
25,
5,
-1,
4,
-3,
2,
-30,
16,
27,
-4,
-41,
-25,
74,
-37,
9,
12,
-63,
14,
-22,
-6,
11,
-16,
6,
-32,
-27,
-5,
8,
13,
-12,
14,
-26,
57,
-7,
-5,
-4,
2,
15,
-26,
22,
27,
27,
-28,
1,
30,
22,
5,
4,
17,
-40,
0,
32,
-49,
34,
-4,
30,
-2,
31,
-7,
4,
32,
14,
50,
-48,
29,
-32,
-46,
-15,
-47,
-6,
-18,
21,
-46,
30,
15,
-52,
-39,
-1,
27,
-2,
12,
43,
-25,
8,
2,
-28,
42,
-30,
21,
-18,
2,
16,
31,
-9,
15,
2,
7,
-24,
-47,
28,
35,
-5,
-8,
-16,
6,
10,
1,
49,
-37,
25,
10,
-6,
4,
-58,
0,
-47,
-17,
45,
-31,
-3,
12,
13,
-1,
-36,
40,
11,
-2,
12,
39,
-13,
26,
33,
21,
33,
-25,
36,
3,
-62,
-14,
-48,
8,
12,
-11,
-50,
-16,
-10,
32,
-14,
-35,
25,
25,
55,
-26,
9,
37,
-11,
-13,
9,
-48,
-8,
6,
-5,
7,
-9,
-4,
10,
-1,
-8,
10,
-3,
-5,
0,
-10,
13,
13,
-4,
7,
9,
-1,
1,
9,
3,
17,
28,
-10,
4,
-3,
8,
10,
-12,
1,
20,
15,
5,
6,
-9,
19,
-6,
0,
2,
-9,
-21,
10,
-14,
5,
-9,
3,
8,
4,
-22,
3,
11,
2,
-1,
-4,
13,
-2,
8,
5,
-13,
14,
28,
16,
-4,
-25,
-1,
0,
-23,
-18,
0,
-26,
24,
-15,
25,
-9,
-6,
-5,
22,
-10,
12,
-9,
1,
-8,
-15,
14,
-9,
-1,
-1,
-2,
2,
-14,
-2,
9,
1,
3,
4,
-2,
-16,
-6,
-11,
1,
-17,
4,
-8,
-1,
14,
-7,
0,
9,
-3,
9,
-20,
-12,
-13,
13,
-7,
-3,
-1,
-14,
-20,
18,
-14,
7,
-16,
10,
32,
-3,
-18,
7,
3,
8,
-3,
9,
-11,
-6,
-1,
-2,
-8,
-10,
-6,
3,
-7,
14,
11,
8,
-25,
11,
3,
-1,
-3,
25,
12,
-3,
10,
-5,
12,
-5,
-1,
-22,
2,
17,
-3,
12,
9,
-10,
12,
-17,
-11,
8,
-15,
3,
0,
-6,
-4,
-22,
-40,
5,
-4,
-12,
-26,
22,
-17,
-3,
20,
4,
-3,
3,
-1,
11,
31,
6,
1,
-4,
19,
6,
20,
26,
-11,
-9,
-1,
-24,
-6,
-20,
-20,
7,
-19,
-5,
5,
-17,
-10,
21,
1,
18,
-24,
4,
3,
15,
-11,
-2,
-8,
18,
20,
50,
25,
-25,
-12,
-20,
-12,
-2,
5,
-17,
46,
-28,
0,
-16,
-21,
16,
-9,
-5,
21,
11,
8,
-57,
22,
6,
5,
3,
-13,
9,
7,
-2,
-19,
14,
16,
4,
-3,
-19,
14,
9,
-6,
8,
4,
18,
8,
-20,
44,
-6,
-19,
-3,
6,
-2,
-12,
8,
-23,
24,
8,
12,
-15,
-23,
21,
-10,
5,
4,
15,
7,
33,
-15,
-32,
-22,
-6,
4,
-31,
-3,
-42,
15,
-3,
-21,
-4,
7,
9,
13,
-2,
24,
15,
-12,
12,
44,
-5,
30,
8,
4,
-16,
-4,
14,
-18,
28,
3,
-14,
6,
-11,
26,
18,
-2,
7,
8,
13,
-19,
-24,
27,
12,
31,
-5,
-1,
1,
-17,
-30,
-15,
28,
-16,
0,
-7,
-32,
-13,
7,
-8,
1,
-12,
-30,
-12,
-5,
20,
-5,
20,
6,
-3,
3,
-1,
-18,
-18,
-12,
20,
-14,
24,
-26,
1,
-15,
-13,
26,
7,
-7,
3,
4,
-11,
-45,
11,
10,
-2,
-7,
5,
-15,
21,
28,
20,
-5,
12,
18,
-27,
-29,
10,
-8,
-48,
11,
-30,
-21,
-7,
5,
-34,
44,
-17,
-14,
-2,
-36,
-15,
-20,
-10,
-24,
-14,
14,
32,
8,
-6,
7,
25,
0,
5,
10,
-6,
21,
0,
-11,
-3,
21,
13,
-10,
20,
35,
-4,
-26,
-12,
7,
-15,
-30,
-5,
-14,
13,
1,
37,
-13,
-10,
20,
-6,
4,
21,
18,
15,
29,
9,
4,
-33,
-26,
-7,
-26,
-26,
-3,
-7,
9,
-18,
-3,
-2,
-25,
21,
23,
19,
12,
21,
5,
-2,
-4,
3,
-23,
-10,
-25,
-16,
-5,
-23,
44,
-6,
-38,
-15,
-3,
33,
12,
-22,
-35,
-3,
5,
-23,
0,
15,
4,
10,
-1,
6,
7,
-2,
-30,
3,
4,
-24,
8,
1,
-23,
15,
-2,
15,
18,
-4,
7,
6,
-10,
5,
12,
19,
-9,
5,
3,
-4,
3,
-9,
9,
11,
-15,
14,
-12,
9,
-22,
1,
6,
5,
-3,
-6,
1,
-30,
-28,
10,
0,
4,
10,
5,
-18,
-2,
45,
12,
-2,
4,
1,
-14,
-24,
-10,
18,
6,
11,
-24,
-12,
27,
-5,
-25,
31,
-17,
-17,
6,
-1,
15,
-9,
-12,
-15,
-26,
35,
33,
0,
-2,
-2,
25,
-6,
15,
20,
-6,
18,
-9,
-36,
-14,
14,
5,
10,
-25,
20,
12,
-20,
7,
8,
-20,
-11,
7,
-20,
16,
10,
36,
-12,
-3,
-2,
19,
-14,
15,
-5,
2,
20,
5,
5,
-16,
-19,
-1,
-5,
-27,
-11,
-25,
10,
5,
4,
6,
-14,
14,
-8,
15,
-2,
28,
-22,
9,
1,
17,
-27,
4,
6,
-12,
-12,
-20,
8,
-39,
-34,
-20,
4,
58,
-9,
-11,
-44,
-11,
7,
0,
0,
8,
-3,
16,
-13,
16,
11,
7,
-9,
8,
-1,
5,
17,
9,
-23,
-4,
1,
-11,
10,
19,
11,
11,
-13,
-14,
0,
13,
-12,
2,
-1,
27,
10,
12,
5,
1,
22,
8,
1,
-2,
-13,
15,
3,
-2,
7,
6,
-2,
-19,
-4,
0,
9,
8,
-10,
-10,
-9,
25,
19,
12,
-2,
23,
21,
-3,
-15,
-1,
10,
-2,
26,
8,
-13,
-11,
-5,
2,
8,
0,
-4,
1,
7,
-4,
16,
-16,
6,
9,
20,
-16,
-1,
-2,
-3,
8,
-5,
2,
23,
2,
-12,
3,
-7,
-3,
9,
-5,
29,
-8,
11,
8,
13,
2,
-12,
-2,
1,
31,
-27,
22,
11,
0,
-7,
1,
-7,
9,
-14,
-22,
-6,
3,
13,
18,
-6,
9,
-8,
3,
-3,
6,
-5,
-21,
-8,
-6,
11,
-4,
-9,
17,
-11,
35,
13,
-6,
-10,
20,
11,
16,
2,
-7,
21,
-11,
-1,
-24,
-9,
6,
-19,
-6,
7,
19,
-16,
-14,
6,
-20,
2,
3,
-2,
9,
-9,
8,
-11,
-4,
19,
-5,
5,
-11,
-13,
5,
16,
-7,
-20,
-2,
-5,
-11,
2,
10,
14,
24,
-21,
-13,
11,
20,
-8,
8,
-21,
29,
19,
16,
8,
-11,
17,
12,
4,
-13,
-10,
28,
-2,
-18,
5,
4,
3,
-34,
-4,
3,
9,
9,
-20,
-8,
-22,
7,
6,
3,
-8,
14,
11,
10,
-10,
-11,
3,
6,
23,
5,
8,
-8,
-4,
11,
12,
-5,
-5,
12,
-4,
-7,
6,
-22,
-14,
12,
33,
-23,
10,
6,
-9,
29,
-4,
16,
18,
2,
-11,
-11,
-9,
-5,
2,
-22,
27,
3,
7,
-5,
15,
-1,
-24,
4,
8,
14,
-21,
18,
-4,
-14,
-7,
5,
-2,
4,
-8,
-3,
-5,
12,
-3,
5,
-1,
0,
-20,
6,
-2,
-6,
-12,
-28,
2,
3,
25,
-6,
-20,
13,
-1,
40,
10,
5,
-14,
4,
19,
18,
19,
-5,
22,
-13,
12,
-7,
-12,
4,
-19,
-16,
1,
3,
-13,
-7,
4,
-34,
13,
5,
-9,
8,
20,
16,
15,
-29,
32,
13,
-3,
-11,
-17,
-7,
-4,
-36,
5,
11,
-7,
-15,
17,
0,
18,
29,
-46,
-2,
30,
32,
-17,
13,
6,
13,
23,
24,
13,
-14,
-21,
5,
-1,
-5,
-6,
13,
5,
0,
-7,
-20,
16,
-32,
-5,
-9,
8,
2,
-1,
-11,
-25,
-8,
25,
2,
7,
18,
-25,
-5,
-7,
-35,
17,
-12,
18,
6,
33,
2,
-16,
9,
16,
-11,
0,
24,
9,
10,
-5,
6,
-38,
-16,
41,
0,
11,
11,
13,
29,
-1,
23,
6,
5,
-4,
-29,
-24,
10,
-30,
-23,
2,
2,
13,
-15,
24,
17,
3,
0,
-2,
-14,
2,
7,
-9,
23,
1,
-3,
-29,
13,
-21,
8,
-7,
12,
22,
-24,
20,
13,
-38,
8,
39,
2,
-10,
-7,
14,
26,
35,
-13,
-16,
18,
13,
13,
-6,
18,
-21,
-2,
4,
-4,
2,
7,
-7,
-16,
2,
-1,
-20,
-6,
-6,
-17,
9,
-3,
-29,
4,
-5,
-19,
11,
-9,
1,
6,
-8,
1,
3,
-8,
-8,
6,
-10,
1,
-2,
12,
2,
0,
13,
25,
7,
1,
-11,
10,
16,
14,
8,
-4,
22,
-10,
-2,
19,
20,
2,
-7,
-1,
4,
-11,
-23,
-5,
-8,
7,
-15,
-12,
18,
9,
-15,
4,
7,
8,
4,
-8,
15,
-1,
-8,
-2,
-15,
5,
19,
14,
9,
-5,
-2,
-2,
-29,
-22,
14,
0,
25,
-30,
18,
-23,
-18,
7,
-16,
-11,
6,
20,
15,
-30,
4,
15,
-16,
-7,
-1,
8,
0,
-14,
11,
7,
-6,
-8,
0,
-16,
-9,
6,
-13,
3,
5,
7,
-10,
1,
5,
-12,
-21,
25,
1,
-5,
-14,
-4,
-2,
17,
0,
6,
-12,
-14,
-9,
9,
-19,
6,
6,
4,
26,
-4,
-10,
-6,
-12,
7,
-5,
12,
-23,
17,
9,
-3,
-7,
-5,
-5,
23,
-3,
3,
0,
3,
-3,
21,
0,
8,
-9,
8,
10,
-4,
-1,
-27,
4,
-15,
-20,
-13,
8,
26,
14,
-4,
-5,
-3,
17,
-27,
-3,
15,
8,
-10,
5,
21,
-26,
-7,
-33,
1,
10,
-22,
9,
6,
-11,
9,
16,
-8,
-2,
10,
-8,
-3,
3,
-8,
3,
0,
11,
12,
-14,
4,
0,
-6,
15,
-1,
9,
11,
5,
-12,
0,
-33,
13,
-15,
8,
16,
23,
34,
-29,
-4,
25,
13,
-11,
-20,
-1,
16,
21,
7,
6,
15,
11,
4,
-22,
2,
11,
-20,
34,
-15,
-4,
-43,
-16,
-4,
-4,
-3,
16,
16,
-25,
-21,
6,
9,
-6,
4,
5,
9,
1,
-17,
4,
18,
3,
-12,
24,
-53,
6,
15,
2,
8,
4,
14,
0,
10,
50,
6,
-37,
-17,
0,
-1,
-8,
8,
-12,
29,
5,
32,
-23,
-21,
9,
0,
-11,
-1,
-13,
20,
26,
-7,
-18,
-19,
12,
-5,
7,
14,
-21,
32,
-8,
-45,
-19,
-12,
14,
20,
9,
16,
0,
-29,
27,
51,
-3,
38,
-4,
-17,
-17,
-16,
11,
-28,
43,
27,
-8,
-12,
-10,
9,
5,
-8,
2,
32,
14,
-5,
1,
-4,
29,
7,
12,
0,
-5,
-2,
-26,
-10,
32,
2,
16,
9,
12,
-13,
-3,
4,
39,
-10,
-59,
-20,
-4,
1,
-16,
-17,
18,
1,
-29,
4,
-2,
-22,
-1,
45,
-47,
12,
-42,
0,
6,
15,
36,
11,
-20,
3,
3,
5,
-58,
8,
-28,
-5,
33,
-3,
-11,
9,
54,
17,
10,
14,
22,
-32,
6,
21,
-26,
-66,
41,
-45,
-39,
-4,
1,
-65,
39,
-24,
-18,
27,
-69,
-15,
-31,
-11,
-52,
-5,
-35,
41,
-7,
-27,
-10,
6,
12,
37,
-9,
-22,
-14,
-14,
-32,
-7,
16,
5,
-48,
49,
62,
-29,
-50,
-45,
37,
-4,
-57,
-22,
3,
-9,
-54,
19,
-8,
-21,
26,
-11,
29,
46,
19,
18,
24,
-11,
9,
-20,
-24,
-28,
-6,
-31,
-10,
-15,
17,
-33,
-23,
6,
-44,
8,
19,
11,
14,
1,
31,
49,
27,
-31,
-21,
-44,
-59,
7,
-20,
1,
16,
7,
-21,
-29,
3,
-9,
8,
-10,
-18,
4,
19,
-1,
33,
2,
16,
12,
21,
-2,
2,
10,
-23,
17,
-6,
6,
20,
0,
-11,
-9,
-16,
20,
29,
14,
-9,
13,
7,
-19,
14,
13,
4,
26,
-12,
19,
2,
0,
16,
24,
-40,
-1,
-38,
-15,
-14,
8,
28,
-1,
4,
-10,
15,
-22,
-20,
-8,
-12,
-7,
20,
10,
-16,
5,
33,
15,
17,
10,
7,
-20,
-1,
1,
2,
-13,
36,
-10,
-11,
10,
-21,
-27,
28,
11,
2,
27,
-6,
2,
-18,
-21,
-23,
-31,
-1,
25,
-24,
-2,
-15,
0,
-12,
37,
7,
-1,
-19,
-10,
-30,
-15,
4,
6,
0,
12,
17,
-16,
-13,
-11,
21,
-1,
-18,
18,
-4,
11,
-25,
7,
-15,
6,
2,
6,
5,
13,
4,
0,
16,
-4,
7,
-1,
-34,
-11,
27,
0,
-5,
-17,
25,
-4,
13,
7,
-9,
-9,
13,
7,
5,
18,
14,
24,
9,
13,
1,
-2,
-9,
-17,
0,
3,
-9,
-31,
1,
-23,
10,
14,
-5,
-7,
-24,
-18,
-7,
12,
15,
-3,
12,
6,
14,
18,
16,
5,
1,
9,
5,
19,
23,
-5,
-14,
-8,
6,
-9,
26,
19,
8,
12,
7,
-23,
12,
12,
-9,
-8,
-8,
29,
12,
23,
-1,
2,
29,
10,
-9,
-7,
-26,
12,
11,
-2,
2,
10,
0,
-36,
-2,
7,
18,
17,
6,
-6,
8,
16,
20,
6,
11,
5,
20,
-6,
-15,
5,
1,
5,
40,
15,
-18,
-5,
1,
8,
17,
23,
10,
8,
2,
6,
5,
-17,
16,
4,
9,
-10,
2,
-3,
-15,
-9,
-11,
12,
27,
-7,
-24,
6,
-12,
-2,
-3,
-5,
13,
-13,
11,
-1,
14,
-19,
-3,
-6,
14,
28,
-21,
19,
-1,
-2,
-14,
7,
-9,
16,
4,
-27,
1,
-3,
-7,
13,
16,
11,
-24,
-2,
13,
17,
-10,
-9,
0,
-11,
-5,
1,
-17,
9,
14,
29,
12,
-9,
11,
18,
18,
20,
22,
-11,
20,
-3,
-6,
-5,
-12,
-18,
5,
-9,
-3,
3,
-3,
-8,
-3,
-23,
-36,
6,
26,
-14,
21,
0,
-4,
-7,
19,
-21,
11,
7,
19,
39,
8,
-42,
-17,
-11,
-11,
-22,
12,
-15,
-6,
14,
-22,
0,
28,
11,
-3,
3,
-3,
4,
25,
2,
5,
-44,
15,
33,
-10,
-24,
-5,
40,
5,
-21,
-2,
17,
8,
-14,
-12,
33,
34,
5,
19,
-14,
16,
3,
13,
4,
14,
4,
13,
4,
8,
4,
-26,
21,
41,
-11,
3,
18,
14,
10,
47,
34,
0,
6,
-3,
35,
11,
-20,
-10,
15,
-1,
-24,
-1,
-10,
-11,
0,
8,
8,
17,
-17,
-7,
-7,
-37,
19,
-7,
-11,
-12,
-4,
27,
-29,
16,
4,
0,
-22,
18,
6,
-20,
-5,
-3,
2,
-7,
12,
25,
21,
-12,
-7,
-5,
1,
-8,
-2,
12,
-2,
23,
-17,
19,
-3,
-25,
-19,
19,
-14,
7,
10,
-28,
-5,
12,
6,
16,
6,
-22,
28,
20,
29,
42,
0,
12,
-4,
3,
-4,
-37,
-47,
0,
-38,
-33,
26,
-6,
11,
-43,
-44,
8,
21,
-16,
-7,
38,
-70,
12,
-34,
51,
-13,
22,
9,
-17,
42,
17,
-43,
12,
-32,
-22,
-26,
43,
9,
1,
26,
-47,
-9,
29,
5,
-30,
-32,
2,
-15,
5,
19,
-7,
-46,
-47,
-1,
-7,
-9,
55,
24,
-47,
-7,
-40,
-34,
-24,
-33,
-60,
2,
-33,
13,
52,
35,
24,
6,
0,
36,
31,
22,
-26,
19,
23,
29,
-21,
17,
33,
-55,
33,
22,
14,
29,
24,
-15,
4,
15,
-2,
46,
23,
-37,
-46,
21,
8,
-24,
-18,
3,
48,
-9,
-14,
60,
6,
-38,
-38,
-51,
-46,
22,
-33,
32,
-29,
17,
3,
-56,
16,
-27,
22,
-9,
44,
17,
-31,
-3,
-74,
-18,
55,
-52,
68,
42,
-45,
5,
0,
21,
14,
-18,
71,
26,
-48,
0,
38,
-2,
-43,
-28,
71,
28,
22,
10,
38,
-35,
15,
-1,
-4,
-6,
-11,
20,
23,
31,
19,
27,
-13,
6,
-3,
-11,
32,
-13,
-9,
-60,
-24,
-30,
-36,
-9,
-38,
0,
23,
-1,
21,
-4,
2,
-20,
-6,
-31,
10,
7,
2,
17,
-5,
22,
6,
-7,
21,
21,
8,
9,
13,
38,
-8,
16,
5,
5,
39,
-1,
18,
7,
24,
-4,
-46,
8,
-1,
-25,
-47,
-24,
1,
38,
3,
6,
8,
5,
-26,
7,
-44,
8,
-2,
-24,
-3,
13,
-1,
9,
-40,
-23,
21,
46,
16,
-11,
-18,
24,
-1,
1,
10,
8,
34,
-40,
14,
-13,
-11,
-5,
-10,
0,
6,
37,
-12,
-39,
29,
-16,
-16,
9,
-37,
7,
13,
11,
18,
15,
-6,
28,
-15,
-27,
-25,
-12,
-22,
-7,
10,
35,
-32,
7,
-9,
-10,
-30,
-9,
14,
4,
3,
8,
-42,
7,
-27,
-17,
-10,
-33,
15,
22,
-22,
26,
4,
21,
12,
-11,
18,
-35,
-8,
19,
3,
-1,
-41,
6,
54,
-5,
23,
18,
6,
16,
-17,
-15,
4,
1,
17,
22,
15,
14,
1,
-3,
-1,
4,
6,
-31,
12,
-34,
-4,
-18,
-7,
9,
19,
19,
-23,
13,
5,
-35,
-5,
-13,
-11,
-31,
14,
-32,
-18,
-18,
-27,
13,
-23,
7,
-2,
2,
11,
-1,
9,
-6,
29,
24,
-18,
1,
29,
18,
11,
-13,
28,
4,
-7,
8,
-23,
11,
0,
-15,
0,
-19,
-17,
29,
-24,
9,
29,
-32,
-7,
29,
-10,
28,
-16,
-21,
-5,
24,
-12,
-39,
-1,
-33,
52,
11,
13,
-20,
-24,
25,
14,
36,
16,
-22,
37,
-26,
-11,
-34,
-3,
-25,
-7,
-11,
6,
32,
-25,
-61,
23,
-15,
4,
5,
-19,
22,
14,
16,
-13,
12,
4,
14,
12,
-46,
9,
21,
18,
6,
-1,
12,
-15,
-5,
43,
-4,
-47,
-45,
-3,
-4,
-21,
7,
-37,
8,
-18,
9,
-31,
-51,
5,
-19,
-8,
5,
-19,
-9,
1,
-24,
-3,
-57,
4,
-5,
15,
6,
-36,
43,
20,
-29,
3,
-4,
16,
34,
-18,
24,
11,
2,
21,
67,
10,
13,
11,
-63,
-2,
5,
17,
-33,
13,
-18,
17,
-12,
-37,
25,
10,
-6,
-34,
