# input (shape [32, 32, 3]),
206.000,
139.000,
112.000,
187.000,
105.000,
94.000,
187.000,
108.000,
100.000,
199.000,
142.000,
137.000,
182.000,
99.000,
94.000,
178.000,
92.000,
94.000,
184.000,
106.000,
111.000,
176.000,
90.000,
96.000,
171.000,
78.000,
84.000,
172.000,
77.000,
84.000,
172.000,
78.000,
85.000,
174.000,
84.000,
93.000,
205.000,
154.000,
160.000,
192.000,
119.000,
113.000,
173.000,
80.000,
85.000,
173.000,
78.000,
85.000,
172.000,
78.000,
83.000,
174.000,
79.000,
84.000,
173.000,
78.000,
84.000,
173.000,
78.000,
84.000,
173.000,
78.000,
86.000,
174.000,
79.000,
84.000,
174.000,
79.000,
84.000,
174.000,
79.000,
84.000,
173.000,
78.000,
83.000,
172.000,
78.000,
82.000,
171.000,
77.000,
81.000,
171.000,
78.000,
82.000,
180.000,
89.000,
91.000,
174.000,
80.000,
86.000,
173.000,
78.000,
85.000,
162.000,
67.000,
75.000,
144.000,
54.000,
60.000,
156.000,
65.000,
72.000,
155.000,
66.000,
75.000,
161.000,
72.000,
80.000,
166.000,
70.000,
76.000,
153.000,
62.000,
68.000,
158.000,
72.000,
79.000,
176.000,
82.000,
89.000,
182.000,
87.000,
91.000,
131.000,
60.000,
68.000,
47.000,
30.000,
42.000,
98.000,
50.000,
59.000,
97.000,
46.000,
55.000,
55.000,
30.000,
43.000,
40.000,
27.000,
39.000,
98.000,
48.000,
58.000,
176.000,
84.000,
90.000,
178.000,
85.000,
91.000,
162.000,
71.000,
78.000,
139.000,
59.000,
67.000,
125.000,
54.000,
65.000,
119.000,
50.000,
59.000,
153.000,
70.000,
79.000,
169.000,
78.000,
88.000,
176.000,
82.000,
91.000,
178.000,
84.000,
92.000,
170.000,
80.000,
84.000,
153.000,
70.000,
69.000,
174.000,
82.000,
87.000,
177.000,
84.000,
90.000,
172.000,
79.000,
84.000,
175.000,
82.000,
87.000,
177.000,
84.000,
92.000,
178.000,
84.000,
92.000,
176.000,
83.000,
90.000,
165.000,
76.000,
78.000,
174.000,
84.000,
90.000,
177.000,
84.000,
93.000,
177.000,
84.000,
91.000,
173.000,
83.000,
90.000,
167.000,
78.000,
84.000,
166.000,
78.000,
85.000,
168.000,
79.000,
88.000,
174.000,
84.000,
94.000,
177.000,
87.000,
95.000,
176.000,
85.000,
95.000,
177.000,
87.000,
96.000,
178.000,
87.000,
97.000,
179.000,
89.000,
97.000,
177.000,
87.000,
96.000,
179.000,
90.000,
98.000,
179.000,
87.000,
96.000,
172.000,
80.000,
91.000,
171.000,
82.000,
93.000,
178.000,
89.000,
100.000,
181.000,
90.000,
101.000,
179.000,
89.000,
99.000,
178.000,
88.000,
98.000,
181.000,
91.000,
99.000,
183.000,
93.000,
101.000,
184.000,
95.000,
102.000,
186.000,
96.000,
104.000,
185.000,
96.000,
102.000,
180.000,
90.000,
100.000,
177.000,
85.000,
98.000,
187.000,
96.000,
106.000,
192.000,
100.000,
107.000,
192.000,
99.000,
107.000,
189.000,
96.000,
106.000,
186.000,
94.000,
104.000,
181.000,
91.000,
100.000,
180.000,
90.000,
96.000,
173.000,
84.000,
88.000,
161.000,
77.000,
79.000,
154.000,
71.000,
72.000,
133.000,
60.000,
61.000,
100.000,
47.000,
52.000,
58.000,
34.000,
44.000,
33.000,
28.000,
39.000,
25.000,
26.000,
37.000,
25.000,
26.000,
37.000,
41.000,
36.000,
49.000,
46.000,
37.000,
48.000,
77.000,
48.000,
53.000,
124.000,
69.000,
66.000,
126.000,
66.000,
62.000,
55.000,
36.000,
44.000,
24.000,
26.000,
38.000,
65.000,
42.000,
53.000,
51.000,
32.000,
43.000,
103.000,
66.000,
66.000,
192.000,
133.000,
114.000,
210.000,
151.000,
130.000,
221.000,
176.000,
149.000,
220.000,
172.000,
148.000,
201.000,
146.000,
131.000,
195.000,
117.000,
112.000,
178.000,
89.000,
93.000,
177.000,
90.000,
96.000,
195.000,
133.000,
135.000,
179.000,
92.000,
92.000,
172.000,
79.000,
86.000,
176.000,
86.000,
92.000,
188.000,
117.000,
122.000,
171.000,
79.000,
86.000,
170.000,
77.000,
84.000,
171.000,
77.000,
84.000,
175.000,
88.000,
97.000,
212.000,
175.000,
178.000,
189.000,
110.000,
104.000,
171.000,
78.000,
84.000,
171.000,
77.000,
83.000,
172.000,
78.000,
84.000,
173.000,
78.000,
84.000,
173.000,
78.000,
83.000,
174.000,
79.000,
84.000,
173.000,
78.000,
84.000,
173.000,
78.000,
84.000,
174.000,
79.000,
84.000,
175.000,
80.000,
86.000,
174.000,
79.000,
85.000,
174.000,
79.000,
84.000,
172.000,
78.000,
82.000,
173.000,
79.000,
83.000,
180.000,
88.000,
91.000,
173.000,
80.000,
85.000,
172.000,
78.000,
85.000,
169.000,
75.000,
83.000,
148.000,
61.000,
73.000,
154.000,
67.000,
78.000,
160.000,
72.000,
79.000,
165.000,
73.000,
80.000,
158.000,
66.000,
72.000,
162.000,
78.000,
85.000,
171.000,
80.000,
88.000,
180.000,
84.000,
90.000,
174.000,
78.000,
83.000,
166.000,
78.000,
85.000,
77.000,
42.000,
54.000,
56.000,
32.000,
43.000,
86.000,
40.000,
49.000,
52.000,
30.000,
41.000,
40.000,
28.000,
39.000,
98.000,
50.000,
61.000,
171.000,
82.000,
89.000,
182.000,
88.000,
95.000,
176.000,
83.000,
91.000,
163.000,
76.000,
85.000,
165.000,
78.000,
85.000,
152.000,
70.000,
72.000,
163.000,
76.000,
78.000,
171.000,
79.000,
82.000,
177.000,
82.000,
88.000,
178.000,
84.000,
91.000,
176.000,
83.000,
90.000,
157.000,
72.000,
73.000,
164.000,
76.000,
79.000,
171.000,
78.000,
84.000,
156.000,
67.000,
67.000,
156.000,
69.000,
69.000,
164.000,
75.000,
76.000,
171.000,
80.000,
84.000,
174.000,
83.000,
88.000,
164.000,
76.000,
78.000,
174.000,
83.000,
89.000,
178.000,
84.000,
94.000,
178.000,
84.000,
94.000,
177.000,
85.000,
96.000,
171.000,
81.000,
90.000,
166.000,
77.000,
88.000,
171.000,
82.000,
91.000,
176.000,
86.000,
96.000,
177.000,
87.000,
95.000,
178.000,
89.000,
96.000,
177.000,
87.000,
96.000,
179.000,
87.000,
97.000,
178.000,
88.000,
98.000,
179.000,
89.000,
99.000,
179.000,
90.000,
99.000,
177.000,
85.000,
96.000,
170.000,
78.000,
90.000,
177.000,
87.000,
98.000,
182.000,
91.000,
102.000,
182.000,
93.000,
101.000,
180.000,
90.000,
100.000,
178.000,
88.000,
98.000,
184.000,
94.000,
102.000,
187.000,
96.000,
105.000,
188.000,
98.000,
106.000,
191.000,
98.000,
107.000,
192.000,
99.000,
107.000,
189.000,
97.000,
107.000,
179.000,
88.000,
100.000,
189.000,
96.000,
105.000,
192.000,
98.000,
103.000,
184.000,
90.000,
96.000,
171.000,
81.000,
85.000,
161.000,
75.000,
78.000,
154.000,
71.000,
73.000,
140.000,
66.000,
68.000,
109.000,
53.000,
59.000,
90.000,
45.000,
53.000,
64.000,
37.000,
47.000,
36.000,
29.000,
39.000,
25.000,
26.000,
38.000,
22.000,
26.000,
38.000,
22.000,
27.000,
38.000,
22.000,
27.000,
37.000,
27.000,
29.000,
40.000,
57.000,
40.000,
49.000,
111.000,
65.000,
65.000,
133.000,
73.000,
70.000,
128.000,
66.000,
64.000,
67.000,
42.000,
48.000,
25.000,
28.000,
39.000,
24.000,
26.000,
38.000,
56.000,
41.000,
51.000,
51.000,
35.000,
46.000,
74.000,
55.000,
60.000,
181.000,
127.000,
112.000,
201.000,
141.000,
120.000,
216.000,
163.000,
137.000,
219.000,
163.000,
139.000,
216.000,
161.000,
138.000,
189.000,
106.000,
111.000,
182.000,
91.000,
96.000,
181.000,
93.000,
101.000,
198.000,
137.000,
139.000,
180.000,
92.000,
94.000,
173.000,
79.000,
87.000,
172.000,
79.000,
88.000,
190.000,
121.000,
125.000,
176.000,
86.000,
89.000,
169.000,
76.000,
84.000,
169.000,
75.000,
83.000,
178.000,
96.000,
107.000,
214.000,
181.000,
179.000,
187.000,
108.000,
102.000,
170.000,
77.000,
84.000,
171.000,
77.000,
84.000,
173.000,
78.000,
85.000,
174.000,
79.000,
84.000,
173.000,
78.000,
83.000,
174.000,
79.000,
84.000,
173.000,
78.000,
84.000,
173.000,
78.000,
83.000,
174.000,
79.000,
84.000,
175.000,
80.000,
85.000,
173.000,
78.000,
84.000,
173.000,
78.000,
84.000,
172.000,
78.000,
82.000,
175.000,
81.000,
85.000,
180.000,
88.000,
91.000,
173.000,
79.000,
86.000,
172.000,
78.000,
86.000,
174.000,
78.000,
87.000,
171.000,
78.000,
86.000,
173.000,
78.000,
88.000,
166.000,
75.000,
81.000,
156.000,
65.000,
72.000,
151.000,
64.000,
75.000,
171.000,
84.000,
92.000,
177.000,
82.000,
86.000,
166.000,
72.000,
77.000,
170.000,
78.000,
86.000,
176.000,
84.000,
91.000,
145.000,
71.000,
79.000,
51.000,
30.000,
43.000,
51.000,
30.000,
41.000,
56.000,
31.000,
44.000,
69.000,
36.000,
49.000,
141.000,
68.000,
78.000,
179.000,
87.000,
94.000,
182.000,
87.000,
95.000,
180.000,
85.000,
93.000,
178.000,
85.000,
91.000,
174.000,
81.000,
85.000,
161.000,
73.000,
75.000,
157.000,
72.000,
73.000,
158.000,
72.000,
73.000,
160.000,
72.000,
73.000,
171.000,
80.000,
84.000,
177.000,
84.000,
91.000,
168.000,
78.000,
84.000,
155.000,
71.000,
72.000,
167.000,
77.000,
81.000,
161.000,
78.000,
78.000,
156.000,
76.000,
77.000,
153.000,
72.000,
72.000,
154.000,
69.000,
69.000,
160.000,
73.000,
73.000,
162.000,
75.000,
75.000,
171.000,
80.000,
86.000,
179.000,
84.000,
94.000,
178.000,
85.000,
95.000,
177.000,
87.000,
96.000,
172.000,
82.000,
92.000,
168.000,
78.000,
90.000,
174.000,
84.000,
93.000,
178.000,
87.000,
96.000,
177.000,
87.000,
96.000,
178.000,
89.000,
96.000,
179.000,
89.000,
97.000,
179.000,
88.000,
99.000,
180.000,
90.000,
99.000,
180.000,
90.000,
100.000,
180.000,
90.000,
100.000,
175.000,
84.000,
95.000,
172.000,
82.000,
94.000,
181.000,
92.000,
102.000,
185.000,
95.000,
104.000,
187.000,
96.000,
103.000,
185.000,
94.000,
102.000,
178.000,
88.000,
98.000,
185.000,
95.000,
103.000,
192.000,
101.000,
109.000,
193.000,
102.000,
109.000,
195.000,
102.000,
110.000,
197.000,
104.000,
112.000,
194.000,
102.000,
108.000,
178.000,
87.000,
96.000,
169.000,
80.000,
83.000,
161.000,
74.000,
74.000,
133.000,
60.000,
64.000,
97.000,
47.000,
54.000,
73.000,
37.000,
47.000,
60.000,
35.000,
45.000,
45.000,
32.000,
43.000,
32.000,
27.000,
38.000,
32.000,
27.000,
39.000,
27.000,
26.000,
37.000,
23.000,
26.000,
37.000,
23.000,
26.000,
38.000,
24.000,
26.000,
38.000,
26.000,
28.000,
39.000,
38.000,
33.000,
43.000,
76.000,
49.000,
54.000,
114.000,
66.000,
64.000,
143.000,
78.000,
71.000,
121.000,
64.000,
62.000,
58.000,
38.000,
46.000,
25.000,
27.000,
37.000,
23.000,
26.000,
38.000,
22.000,
26.000,
37.000,
48.000,
37.000,
49.000,
53.000,
36.000,
48.000,
35.000,
31.000,
42.000,
122.000,
79.000,
72.000,
185.000,
124.000,
108.000,
208.000,
148.000,
128.000,
216.000,
161.000,
137.000,
218.000,
163.000,
138.000,
154.000,
76.000,
78.000,
180.000,
90.000,
92.000,
182.000,
90.000,
96.000,
201.000,
141.000,
146.000,
186.000,
106.000,
108.000,
177.000,
83.000,
90.000,
177.000,
85.000,
96.000,
192.000,
127.000,
132.000,
177.000,
90.000,
90.000,
170.000,
77.000,
84.000,
170.000,
76.000,
84.000,
187.000,
120.000,
135.000,
209.000,
167.000,
162.000,
180.000,
96.000,
92.000,
171.000,
77.000,
85.000,
171.000,
77.000,
84.000,
173.000,
78.000,
86.000,
173.000,
78.000,
85.000,
174.000,
79.000,
85.000,
174.000,
79.000,
85.000,
173.000,
79.000,
84.000,
174.000,
79.000,
84.000,
174.000,
79.000,
84.000,
174.000,
79.000,
84.000,
174.000,
79.000,
84.000,
172.000,
78.000,
82.000,
172.000,
78.000,
83.000,
175.000,
81.000,
86.000,
180.000,
88.000,
91.000,
173.000,
79.000,
86.000,
174.000,
79.000,
87.000,
175.000,
80.000,
88.000,
175.000,
80.000,
88.000,
175.000,
80.000,
89.000,
160.000,
68.000,
75.000,
146.000,
59.000,
66.000,
149.000,
65.000,
75.000,
159.000,
68.000,
76.000,
160.000,
67.000,
72.000,
162.000,
73.000,
81.000,
171.000,
78.000,
88.000,
182.000,
86.000,
93.000,
179.000,
85.000,
93.000,
105.000,
54.000,
64.000,
93.000,
48.000,
60.000,
124.000,
60.000,
72.000,
126.000,
60.000,
70.000,
171.000,
84.000,
90.000,
182.000,
88.000,
96.000,
181.000,
86.000,
94.000,
178.000,
84.000,
90.000,
171.000,
78.000,
80.000,
168.000,
77.000,
81.000,
168.000,
79.000,
85.000,
168.000,
81.000,
87.000,
168.000,
81.000,
86.000,
160.000,
75.000,
79.000,
159.000,
73.000,
77.000,
175.000,
84.000,
91.000,
176.000,
84.000,
91.000,
158.000,
72.000,
75.000,
154.000,
71.000,
71.000,
166.000,
80.000,
84.000,
173.000,
84.000,
91.000,
171.000,
84.000,
90.000,
166.000,
81.000,
87.000,
162.000,
77.000,
80.000,
160.000,
75.000,
78.000,
171.000,
82.000,
88.000,
178.000,
84.000,
93.000,
179.000,
85.000,
95.000,
177.000,
87.000,
96.000,
171.000,
81.000,
91.000,
169.000,
79.000,
90.000,
176.000,
86.000,
95.000,
179.000,
88.000,
97.000,
180.000,
87.000,
97.000,
180.000,
89.000,
98.000,
180.000,
90.000,
98.000,
179.000,
90.000,
98.000,
181.000,
91.000,
99.000,
182.000,
91.000,
101.000,
181.000,
91.000,
101.000,
171.000,
81.000,
93.000,
176.000,
86.000,
97.000,
187.000,
97.000,
105.000,
190.000,
98.000,
107.000,
192.000,
99.000,
108.000,
192.000,
98.000,
107.000,
183.000,
93.000,
102.000,
184.000,
94.000,
102.000,
195.000,
102.000,
108.000,
193.000,
100.000,
105.000,
187.000,
93.000,
94.000,
176.000,
83.000,
84.000,
161.000,
73.000,
74.000,
133.000,
59.000,
62.000,
95.000,
43.000,
49.000,
73.000,
39.000,
48.000,
41.000,
30.000,
41.000,
26.000,
27.000,
38.000,
22.000,
25.000,
37.000,
22.000,
25.000,
37.000,
22.000,
26.000,
37.000,
22.000,
25.000,
37.000,
24.000,
26.000,
37.000,
23.000,
25.000,
37.000,
22.000,
25.000,
37.000,
23.000,
26.000,
38.000,
42.000,
34.000,
44.000,
89.000,
54.000,
58.000,
109.000,
63.000,
61.000,
133.000,
72.000,
68.000,
133.000,
69.000,
66.000,
93.000,
50.000,
53.000,
45.000,
32.000,
43.000,
24.000,
27.000,
38.000,
21.000,
25.000,
37.000,
21.000,
25.000,
37.000,
22.000,
26.000,
37.000,
42.000,
36.000,
48.000,
67.000,
42.000,
54.000,
25.000,
27.000,
38.000,
39.000,
31.000,
41.000,
84.000,
54.000,
54.000,
179.000,
126.000,
108.000,
207.000,
147.000,
125.000,
211.000,
153.000,
130.000,
61.000,
32.000,
42.000,
113.000,
48.000,
55.000,
159.000,
71.000,
76.000,
193.000,
124.000,
131.000,
201.000,
141.000,
143.000,
185.000,
101.000,
111.000,
192.000,
122.000,
135.000,
192.000,
127.000,
129.000,
177.000,
89.000,
91.000,
170.000,
76.000,
84.000,
169.000,
75.000,
84.000,
197.000,
146.000,
157.000,
208.000,
158.000,
148.000,
175.000,
88.000,
90.000,
171.000,
76.000,
85.000,
171.000,
78.000,
85.000,
171.000,
78.000,
85.000,
173.000,
78.000,
86.000,
174.000,
79.000,
85.000,
174.000,
79.000,
84.000,
174.000,
79.000,
84.000,
173.000,
78.000,
83.000,
174.000,
79.000,
84.000,
173.000,
78.000,
83.000,
174.000,
79.000,
84.000,
174.000,
79.000,
84.000,
172.000,
78.000,
82.000,
177.000,
83.000,
87.000,
182.000,
88.000,
91.000,
175.000,
80.000,
86.000,
175.000,
80.000,
89.000,
177.000,
82.000,
90.000,
177.000,
82.000,
89.000,
169.000,
75.000,
82.000,
151.000,
62.000,
70.000,
146.000,
62.000,
72.000,
157.000,
68.000,
76.000,
157.000,
65.000,
72.000,
159.000,
70.000,
79.000,
165.000,
75.000,
83.000,
177.000,
84.000,
91.000,
181.000,
85.000,
91.000,
182.000,
86.000,
94.000,
167.000,
79.000,
89.000,
153.000,
72.000,
81.000,
167.000,
79.000,
83.000,
169.000,
81.000,
85.000,
180.000,
86.000,
94.000,
181.000,
85.000,
94.000,
179.000,
84.000,
91.000,
171.000,
78.000,
83.000,
166.000,
78.000,
81.000,
168.000,
79.000,
86.000,
174.000,
83.000,
91.000,
176.000,
84.000,
92.000,
175.000,
84.000,
92.000,
172.000,
82.000,
90.000,
158.000,
72.000,
78.000,
172.000,
83.000,
90.000,
177.000,
86.000,
93.000,
170.000,
81.000,
85.000,
151.000,
68.000,
68.000,
164.000,
77.000,
81.000,
177.000,
85.000,
94.000,
177.000,
85.000,
94.000,
177.000,
85.000,
94.000,
176.000,
84.000,
93.000,
174.000,
84.000,
92.000,
177.000,
84.000,
93.000,
179.000,
85.000,
95.000,
180.000,
86.000,
96.000,
176.000,
86.000,
94.000,
167.000,
78.000,
89.000,
168.000,
79.000,
89.000,
177.000,
88.000,
96.000,
181.000,
89.000,
99.000,
182.000,
89.000,
100.000,
182.000,
90.000,
101.000,
182.000,
93.000,
101.000,
182.000,
93.000,
101.000,
184.000,
94.000,
102.000,
186.000,
95.000,
103.000,
184.000,
94.000,
102.000,
171.000,
82.000,
93.000,
182.000,
90.000,
101.000,
192.000,
101.000,
108.000,
196.000,
102.000,
112.000,
197.000,
104.000,
111.000,
195.000,
101.000,
106.000,
185.000,
94.000,
97.000,
165.000,
76.000,
80.000,
163.000,
74.000,
76.000,
151.000,
68.000,
70.000,
123.000,
57.000,
60.000,
87.000,
43.000,
52.000,
59.000,
34.000,
44.000,
42.000,
29.000,
40.000,
28.000,
27.000,
38.000,
26.000,
27.000,
39.000,
22.000,
26.000,
38.000,
22.000,
26.000,
37.000,
21.000,
25.000,
37.000,
21.000,
25.000,
37.000,
21.000,
25.000,
37.000,
22.000,
26.000,
37.000,
23.000,
26.000,
37.000,
22.000,
26.000,
37.000,
26.000,
27.000,
38.000,
46.000,
36.000,
45.000,
88.000,
53.000,
56.000,
153.000,
85.000,
78.000,
169.000,
92.000,
82.000,
130.000,
68.000,
64.000,
68.000,
40.000,
48.000,
30.000,
28.000,
41.000,
22.000,
26.000,
38.000,
22.000,
26.000,
37.000,
22.000,
25.000,
37.000,
22.000,
25.000,
37.000,
22.000,
26.000,
37.000,
37.000,
35.000,
46.000,
84.000,
53.000,
64.000,
27.000,
27.000,
38.000,
23.000,
26.000,
38.000,
26.000,
27.000,
38.000,
75.000,
49.000,
52.000,
165.000,
112.000,
98.000,
203.000,
145.000,
125.000,
29.000,
29.000,
40.000,
35.000,
27.000,
39.000,
68.000,
33.000,
43.000,
129.000,
60.000,
66.000,
190.000,
132.000,
131.000,
205.000,
154.000,
159.000,
194.000,
121.000,
123.000,
187.000,
107.000,
103.000,
176.000,
84.000,
90.000,
171.000,
77.000,
84.000,
172.000,
85.000,
94.000,
208.000,
167.000,
176.000,
200.000,
138.000,
126.000,
171.000,
80.000,
86.000,
170.000,
77.000,
85.000,
171.000,
78.000,
85.000,
172.000,
78.000,
86.000,
173.000,
78.000,
86.000,
173.000,
78.000,
84.000,
173.000,
78.000,
84.000,
173.000,
78.000,
84.000,
173.000,
78.000,
83.000,
175.000,
80.000,
84.000,
173.000,
78.000,
83.000,
174.000,
79.000,
84.000,
173.000,
78.000,
83.000,
173.000,
78.000,
83.000,
178.000,
84.000,
88.000,
182.000,
88.000,
91.000,
175.000,
80.000,
84.000,
174.000,
78.000,
85.000,
176.000,
81.000,
88.000,
171.000,
77.000,
81.000,
162.000,
72.000,
76.000,
145.000,
63.000,
71.000,
156.000,
68.000,
77.000,
160.000,
66.000,
72.000,
160.000,
69.000,
80.000,
166.000,
74.000,
84.000,
176.000,
81.000,
89.000,
177.000,
83.000,
90.000,
178.000,
84.000,
90.000,
178.000,
84.000,
91.000,
176.000,
81.000,
89.000,
174.000,
82.000,
89.000,
170.000,
78.000,
81.000,
174.000,
83.000,
88.000,
179.000,
85.000,
93.000,
178.000,
84.000,
92.000,
172.000,
79.000,
83.000,
168.000,
79.000,
82.000,
169.000,
79.000,
87.000,
173.000,
81.000,
90.000,
177.000,
83.000,
93.000,
177.000,
83.000,
92.000,
177.000,
83.000,
92.000,
176.000,
83.000,
92.000,
166.000,
77.000,
83.000,
172.000,
82.000,
90.000,
177.000,
84.000,
93.000,
176.000,
84.000,
92.000,
161.000,
75.000,
77.000,
161.000,
75.000,
77.000,
177.000,
84.000,
93.000,
179.000,
85.000,
95.000,
180.000,
86.000,
96.000,
180.000,
86.000,
96.000,
180.000,
87.000,
96.000,
180.000,
86.000,
96.000,
180.000,
86.000,
96.000,
180.000,
87.000,
96.000,
175.000,
85.000,
93.000,
162.000,
77.000,
86.000,
168.000,
82.000,
90.000,
182.000,
91.000,
101.000,
183.000,
90.000,
102.000,
185.000,
92.000,
102.000,
184.000,
94.000,
102.000,
186.000,
95.000,
103.000,
187.000,
96.000,
104.000,
189.000,
96.000,
105.000,
191.000,
97.000,
107.000,
189.000,
96.000,
106.000,
176.000,
85.000,
96.000,
187.000,
96.000,
103.000,
194.000,
100.000,
105.000,
189.000,
94.000,
96.000,
177.000,
83.000,
83.000,
156.000,
70.000,
72.000,
135.000,
60.000,
63.000,
91.000,
42.000,
49.000,
67.000,
36.000,
44.000,
47.000,
31.000,
42.000,
31.000,
28.000,
39.000,
24.000,
27.000,
38.000,
22.000,
26.000,
38.000,
23.000,
26.000,
38.000,
23.000,
26.000,
38.000,
22.000,
26.000,
37.000,
22.000,
25.000,
37.000,
22.000,
26.000,
37.000,
22.000,
26.000,
37.000,
22.000,
26.000,
37.000,
30.000,
30.000,
41.000,
54.000,
41.000,
49.000,
62.000,
45.000,
51.000,
50.000,
38.000,
46.000,
77.000,
48.000,
54.000,
109.000,
60.000,
61.000,
129.000,
68.000,
66.000,
134.000,
69.000,
66.000,
159.000,
87.000,
78.000,
156.000,
96.000,
84.000,
55.000,
42.000,
50.000,
26.000,
28.000,
40.000,
21.000,
25.000,
37.000,
21.000,
25.000,
37.000,
25.000,
27.000,
37.000,
24.000,
26.000,
37.000,
22.000,
26.000,
37.000,
30.000,
30.000,
42.000,
83.000,
53.000,
63.000,
30.000,
28.000,
39.000,
23.000,
27.000,
38.000,
23.000,
27.000,
38.000,
26.000,
28.000,
38.000,
61.000,
41.000,
47.000,
153.000,
104.000,
91.000,
109.000,
84.000,
80.000,
40.000,
37.000,
47.000,
25.000,
27.000,
39.000,
40.000,
28.000,
40.000,
93.000,
46.000,
52.000,
157.000,
83.000,
79.000,
184.000,
101.000,
98.000,
180.000,
90.000,
94.000,
173.000,
80.000,
88.000,
171.000,
78.000,
84.000,
181.000,
104.000,
117.000,
220.000,
199.000,
202.000,
198.000,
133.000,
121.000,
168.000,
77.000,
83.000,
169.000,
76.000,
85.000,
171.000,
78.000,
85.000,
172.000,
78.000,
86.000,
174.000,
79.000,
87.000,
174.000,
79.000,
87.000,
174.000,
79.000,
86.000,
174.000,
79.000,
85.000,
174.000,
79.000,
84.000,
173.000,
78.000,
83.000,
173.000,
78.000,
83.000,
174.000,
79.000,
84.000,
173.000,
78.000,
84.000,
174.000,
79.000,
84.000,
179.000,
85.000,
90.000,
182.000,
88.000,
92.000,
168.000,
74.000,
78.000,
147.000,
59.000,
63.000,
152.000,
64.000,
68.000,
157.000,
68.000,
73.000,
151.000,
66.000,
74.000,
156.000,
71.000,
78.000,
158.000,
67.000,
72.000,
161.000,
71.000,
78.000,
165.000,
74.000,
84.000,
177.000,
81.000,
90.000,
176.000,
81.000,
89.000,
176.000,
81.000,
89.000,
177.000,
82.000,
90.000,
175.000,
81.000,
89.000,
173.000,
79.000,
87.000,
172.000,
81.000,
85.000,
165.000,
76.000,
78.000,
173.000,
82.000,
88.000,
178.000,
84.000,
91.000,
173.000,
79.000,
84.000,
171.000,
78.000,
83.000,
169.000,
79.000,
87.000,
172.000,
82.000,
90.000,
174.000,
83.000,
92.000,
175.000,
82.000,
91.000,
176.000,
82.000,
92.000,
176.000,
82.000,
92.000,
176.000,
82.000,
91.000,
170.000,
79.000,
87.000,
174.000,
82.000,
90.000,
177.000,
83.000,
92.000,
177.000,
83.000,
93.000,
171.000,
80.000,
87.000,
164.000,
77.000,
79.000,
176.000,
85.000,
93.000,
179.000,
86.000,
96.000,
181.000,
87.000,
96.000,
181.000,
87.000,
96.000,
182.000,
88.000,
97.000,
182.000,
88.000,
97.000,
180.000,
87.000,
96.000,
177.000,
85.000,
94.000,
170.000,
83.000,
90.000,
163.000,
79.000,
87.000,
177.000,
89.000,
97.000,
187.000,
94.000,
103.000,
188.000,
95.000,
105.000,
187.000,
95.000,
103.000,
189.000,
96.000,
105.000,
192.000,
98.000,
107.000,
192.000,
99.000,
107.000,
194.000,
101.000,
108.000,
195.000,
102.000,
107.000,
189.000,
96.000,
102.000,
164.000,
77.000,
84.000,
155.000,
71.000,
72.000,
153.000,
70.000,
71.000,
130.000,
59.000,
60.000,
93.000,
45.000,
49.000,
56.000,
33.000,
43.000,
40.000,
30.000,
40.000,
27.000,
27.000,
38.000,
23.000,
26.000,
37.000,
22.000,
26.000,
38.000,
22.000,
26.000,
37.000,
22.000,
26.000,
37.000,
24.000,
28.000,
39.000,
25.000,
29.000,
39.000,
28.000,
29.000,
40.000,
25.000,
27.000,
38.000,
21.000,
25.000,
37.000,
21.000,
25.000,
37.000,
24.000,
27.000,
39.000,
40.000,
34.000,
44.000,
81.000,
52.000,
56.000,
119.000,
68.000,
66.000,
147.000,
84.000,
78.000,
140.000,
79.000,
75.000,
123.000,
65.000,
63.000,
110.000,
55.000,
57.000,
84.000,
48.000,
54.000,
67.000,
50.000,
60.000,
69.000,
43.000,
50.000,
170.000,
103.000,
90.000,
141.000,
88.000,
83.000,
41.000,
35.000,
45.000,
22.000,
25.000,
37.000,
21.000,
25.000,
37.000,
22.000,
26.000,
37.000,
22.000,
26.000,
37.000,
22.000,
26.000,
37.000,
31.000,
30.000,
41.000,
77.000,
49.000,
58.000,
35.000,
30.000,
42.000,
23.000,
27.000,
37.000,
23.000,
27.000,
38.000,
22.000,
27.000,
37.000,
24.000,
27.000,
38.000,
53.000,
37.000,
44.000,
212.000,
164.000,
133.000,
150.000,
100.000,
95.000,
70.000,
43.000,
54.000,
31.000,
29.000,
41.000,
28.000,
27.000,
39.000,
52.000,
31.000,
42.000,
120.000,
56.000,
65.000,
175.000,
82.000,
91.000,
176.000,
82.000,
90.000,
172.000,
78.000,
86.000,
193.000,
133.000,
146.000,
220.000,
193.000,
190.000,
193.000,
128.000,
119.000,
170.000,
77.000,
84.000,
170.000,
76.000,
84.000,
171.000,
78.000,
85.000,
172.000,
78.000,
86.000,
173.000,
78.000,
86.000,
174.000,
80.000,
86.000,
174.000,
79.000,
86.000,
173.000,
78.000,
84.000,
173.000,
78.000,
83.000,
173.000,
78.000,
83.000,
173.000,
78.000,
83.000,
173.000,
78.000,
84.000,
173.000,
78.000,
84.000,
175.000,
80.000,
84.000,
181.000,
87.000,
91.000,
182.000,
88.000,
91.000,
165.000,
74.000,
78.000,
95.000,
38.000,
47.000,
75.000,
34.000,
45.000,
93.000,
41.000,
51.000,
146.000,
66.000,
76.000,
155.000,
68.000,
75.000,
166.000,
74.000,
83.000,
166.000,
76.000,
85.000,
175.000,
82.000,
89.000,
176.000,
81.000,
89.000,
175.000,
80.000,
88.000,
175.000,
80.000,
88.000,
176.000,
81.000,
89.000,
174.000,
80.000,
88.000,
173.000,
79.000,
87.000,
173.000,
80.000,
87.000,
160.000,
72.000,
73.000,
170.000,
80.000,
84.000,
172.000,
79.000,
84.000,
167.000,
77.000,
82.000,
169.000,
79.000,
87.000,
173.000,
81.000,
90.000,
176.000,
83.000,
91.000,
176.000,
82.000,
93.000,
176.000,
82.000,
93.000,
177.000,
83.000,
92.000,
175.000,
81.000,
90.000,
173.000,
81.000,
90.000,
171.000,
81.000,
90.000,
176.000,
84.000,
92.000,
177.000,
84.000,
94.000,
179.000,
85.000,
95.000,
177.000,
84.000,
93.000,
173.000,
84.000,
90.000,
176.000,
86.000,
93.000,
181.000,
88.000,
96.000,
182.000,
89.000,
97.000,
182.000,
89.000,
98.000,
183.000,
90.000,
100.000,
182.000,
89.000,
98.000,
176.000,
86.000,
94.000,
169.000,
83.000,
90.000,
161.000,
78.000,
85.000,
166.000,
83.000,
90.000,
185.000,
96.000,
102.000,
192.000,
99.000,
108.000,
193.000,
100.000,
108.000,
193.000,
100.000,
107.000,
192.000,
99.000,
105.000,
190.000,
96.000,
101.000,
184.000,
91.000,
92.000,
175.000,
82.000,
83.000,
164.000,
74.000,
75.000,
145.000,
66.000,
67.000,
100.000,
47.000,
53.000,
65.000,
35.000,
43.000,
51.000,
32.000,
42.000,
37.000,
28.000,
40.000,
25.000,
26.000,
37.000,
24.000,
26.000,
37.000,
22.000,
25.000,
37.000,
22.000,
26.000,
37.000,
22.000,
25.000,
37.000,
21.000,
25.000,
37.000,
21.000,
25.000,
37.000,
21.000,
25.000,
37.000,
22.000,
26.000,
37.000,
25.000,
27.000,
38.000,
73.000,
48.000,
54.000,
78.000,
50.000,
55.000,
35.000,
31.000,
42.000,
23.000,
27.000,
39.000,
40.000,
34.000,
44.000,
93.000,
55.000,
58.000,
115.000,
62.000,
61.000,
109.000,
57.000,
58.000,
114.000,
63.000,
62.000,
135.000,
70.000,
67.000,
82.000,
46.000,
50.000,
43.000,
32.000,
42.000,
30.000,
30.000,
41.000,
28.000,
30.000,
41.000,
26.000,
28.000,
38.000,
79.000,
51.000,
55.000,
165.000,
95.000,
84.000,
109.000,
66.000,
66.000,
30.000,
29.000,
40.000,
23.000,
26.000,
38.000,
22.000,
25.000,
37.000,
21.000,
25.000,
37.000,
22.000,
26.000,
37.000,
32.000,
30.000,
39.000,
73.000,
48.000,
57.000,
42.000,
32.000,
43.000,
22.000,
26.000,
37.000,
22.000,
26.000,
37.000,
22.000,
26.000,
37.000,
22.000,
26.000,
37.000,
24.000,
26.000,
37.000,
